1 216.3611387461351 -673.0674215224554 1 
1 875.8046998970885 -62.41383746002316 1 
1 139.55440892994238 -946.6407022174166 1 
1 91.79627373464427 -621.8888413085001 1 
1 -30.487320994635297 -384.86061455409856 1 
1 949.0780110215312 -367.3956517479236 1 
1 935.219237310537 -920.7685214284604 1 
1 -186.30004337781986 -809.7890264786336 1 
1 323.77161169842907 877.2914521943821 1 
1 612.3805670887282 -263.8813949012032 1 
1 939.2662109554162 163.76130836475204 1 
1 709.69282886169 668.3636287399795 1 
1 420.5961460358767 -385.0310833036383 1 
1 349.4415871712556 -950.3248557781142 1 
1 452.9652645095191 466.4039952703072 1 
1 -910.6739041672431 847.5772212366649 -1 
1 -13.462244631921635 595.2769190794972 -1 
1 -569.1024903185057 -535.6193413964777 -1 
1 -250.5548940225283 -596.8933346753472 -1 
1 -565.2654617851432 675.7771873342922 -1 
1 -418.85599264223515 885.8875805649095 -1 
1 -963.482090962415 -241.25103065969734 -1 
1 -531.1407038876188 -363.6501035758488 -1 
1 -891.7168927242911 708.2280711236317 -1 
1 -346.11994680830924 -626.5120895517621 -1 
1 -654.432601043206 765.5439349713249 -1 
1 -15.987518027284182 543.1501322028164 -1 
1 -375.81208115920447 -458.30068842669994 -1 
1 -873.6246620034354 -777.1146569861212 -1 
1 -536.956560096914 84.56145431291907 -1 
