1 663.8198605583896 334.08803685889643 -1 
1 23.428330544765913 -7.58700564841115 -1 
1 322.59233961974314 -54.36827152189596 -1 
1 977.2480801703343 -727.6248199973857 -1 
1 967.373987799813 -528.3102328953432 -1 
1 430.6189934212741 -758.0585773968336 -1 
1 759.5749176911861 -760.5777602864326 -1 
1 50.615125564586606 -942.8292756089526 -1 
1 434.24872634094777 -226.95139991845087 -1 
1 673.707573292709 -420.545976543925 -1 
1 -229.02637362004805 -933.3698178356899 -1 
1 799.7186566070031 336.2659544473206 -1 
1 932.9271210697709 -503.3742089019223 -1 
1 395.7968509726729 -384.46379978606217 -1 
1 539.5920042762439 -800.0457812607934 -1 
1 564.866367022453 -268.87694686528846 -1 
1 -68.18217443386163 -552.6074814560948 -1 
1 237.32363785068696 -422.2140306696747 -1 
1 283.19675002115514 -730.8647640189878 -1 
1 591.635339356962 -685.1867003689372 -1 
1 515.7758203826261 918.6334837253507 -1 
1 344.78189297700465 551.6010055016477 -1 
1 652.8967012452979 -926.8141745004457 -1 
1 534.2274318337495 -23.82724492961097 -1 
1 450.11407027850623 -961.3747021860261 -1 
1 640.9693143752247 633.7576725125809 -1 
1 130.12934048830925 -168.954261515496 -1 
1 965.9084053268584 838.6105022051281 -1 
1 991.540815800545 -98.44014377591589 -1 
1 251.27065246465327 210.0570131185084 -1 
1 920.5770125775473 471.7223508868774 -1 
1 519.6363646402906 -796.9960863600414 -1 
1 757.4644055503747 -898.8606860996841 -1 
1 202.39120765196276 -41.17588806462379 -1 
1 637.5893998455979 -232.97184942433853 -1 
1 332.17351802918165 -176.25242454680438 -1 
1 969.8577535979352 977.8895751086986 -1 
1 374.97584077113197 -300.1495317776894 -1 
1 757.7352614138836 -319.4237222620786 -1 
1 470.77679027176964 -643.1876461718493 -1 
1 636.1680606617713 26.826067306909863 -1 
1 479.55894603569004 -121.87454793457437 -1 
1 813.3478498006659 -948.2880859746956 -1 
1 718.3980627531848 -469.71100131699507 -1 
1 243.4435915144013 -976.4008102710038 -1 
1 589.8233543173988 815.2640949777901 -1 
1 51.28425007582291 63.703734123431786 -1 
1 728.4385383929557 839.6546054974963 -1 
1 -15.764404200586227 -558.875257805709 -1 
1 993.8710987496122 -80.01263134391058 -1 
1 396.58852098765055 -257.06747659896826 1 
1 242.63701735954874 -755.0272104001647 1 
1 111.48094866605356 -701.9434299728501 1 
1 814.7031029178092 981.6164003984231 1 
1 300.5900738035889 -36.305706223986704 1 
1 321.29489029064734 -543.8905110185317 1 
1 42.83468900980438 -764.5275242852631 1 
1 671.555529689093 514.2430193637465 1 
1 569.5173971170043 -348.60629266262924 1 
1 849.629329917838 -715.9931739615693 1 
1 795.3122361174994 -643.4238154256856 1 
1 704.8689555359338 -181.81251956987126 1 
1 806.6481196289308 398.64720412520273 1 
1 817.1919069237968 -867.0508090197734 1 
1 497.75535065943245 38.214080740521695 1 
1 272.23080582933403 -546.2564653746833 1 
1 877.4491943525145 -515.8939286140508 1 
1 938.2133214742919 707.7368284620961 1 
1 304.52063121597325 -651.7472680032784 1 
1 586.88371269663 986.058079822898 1 
1 568.5832810379161 425.8739431234767 1 
1 -236.37068252315248 -774.3227385166526 1 
1 402.61146218583167 -818.046220103055 1 
1 954.0095354384425 -227.81475903252158 1 
1 548.2318947732351 656.8132563142351 1 
1 384.39515253348145 -140.85889462708087 1 
1 606.3342109890891 340.61960742947986 1 
1 8.134704962730666 -104.31569744182411 1 
1 660.1888849402001 -601.6218725488831 1 
1 632.75682878374 -7.508391584693868 1 
1 63.95068269731496 122.15777378927874 1 
1 725.0227895741641 248.58974489927596 1 
1 192.7832676738483 -657.0751187148813 1 
1 181.64849250923817 131.70524080567202 1 
1 268.84732355755386 -80.5015654478683 1 
1 233.70857383395378 231.7253005273633 1 
1 518.6776228306778 -645.5806027863887 1 
1 243.14470210390868 -120.9548297961096 1 
1 -175.20604408134955 -833.7554508280275 1 
1 258.6246613106798 -257.08545202892014 1 
1 -113.41754781146346 -370.77147205417305 1 
1 701.2208253955096 -572.0781349565923 1 
1 179.7812082261812 -692.5534156651654 1 
1 992.3280042324263 -416.1012253652758 1 
1 756.5248638364126 -444.3231308989158 1 
1 29.746500552784255 -922.1794038561927 1 
1 39.90233238103474 -104.56586367622833 1 
1 547.6554918163897 -237.85298987156773 1 
1 359.04227262088057 -806.3126103640157 1 
1 903.1935334425573 509.3619968077071 1 
1 678.9490038248111 118.16127727652042 1 
1 550.0665480359385 -194.32908087538806 1 
1 -2.588397612132667 -257.2521624810022 1 
1 667.8813646656731 889.9888397083455 1 
1 977.4855402140704 -590.0088687163595 1 
1 673.6435884167195 -675.0512549074086 1 
1 213.4325982149037 -898.9429060631567 1 
1 570.6410994562391 -784.1462611186682 1 
1 962.9735328681254 -944.4714522716985 1 
1 635.0368239054465 -195.69839575051992 1 
1 686.6610916493014 407.2944191776264 1 
1 435.3211070537866 -772.0346238787104 1 
1 35.20775536684528 -92.38107226873547 1 
1 885.4048375125851 -879.8944829681786 1 
1 240.23430307509307 -483.401784570378 1 
1 335.2796453932601 574.0783853148628 1 
1 69.01512323120687 -428.7319752844627 1 
1 954.7691268799658 -1.7442319461107445 1 
1 649.386352064733 140.01088602944878 1 
1 790.6450267217174 -613.2831223017587 1 
1 832.7270753663865 419.3210547164183 1 
1 661.6821530330619 -270.08588099421354 1 
1 639.1188446873775 294.92851768928676 1 
1 916.446818500468 -703.9893046443196 1 
1 668.9917216050442 417.70946158578386 1 
1 450.2306356656186 -424.2627986279101 1 
1 695.0120001393389 -937.1595320514404 1 
1 297.15500466123467 -691.2834059300824 1 
1 742.4439661796819 769.1035489826581 1 
1 580.3783622413671 261.2843879882819 1 
1 602.5613290397971 238.59603017847576 1 
1 100.76421201187077 45.04430006988082 1 
1 891.3291379697062 840.6759707528793 1 
1 359.5963580497744 -789.4956998184836 1 
1 621.1898332723135 721.606861473419 1 
1 976.117903555449 -111.49334597931636 1 
1 986.6232148490799 834.8680196434491 1 
1 347.89491066477854 355.7798377776792 1 
1 -101.12364494501071 -771.6638008911864 1 
1 373.80422409113885 -810.4453100806905 1 
1 670.1843237306505 -649.5437052130337 1 
1 399.3842196581445 -251.2664648960092 1 
1 367.99255327686797 642.921149483449 1 
1 710.6459822784145 -858.0152739953719 1 
1 625.9151694359666 308.26024351598176 1 
1 664.337767292151 611.5062999820477 1 
1 726.2296459843642 353.80938578137693 1 
1 388.92312702677805 43.088546557919926 1 
1 674.3937043898547 -502.82168336072635 1 
1 821.2573870499086 -630.6502285518002 1 
1 622.545612070174 118.31818315092914 1 
1 580.5363421396273 -534.1299076472535 1 
1 127.90271335942771 277.309867663849 1 
1 259.31530697721314 371.11028198774466 1 
1 173.5070081843769 -22.098906175926686 1 
1 917.8849118940848 -549.754019156805 1 
1 994.9174141690748 232.3755811554704 1 
1 890.6863882752671 718.9214267948466 1 
1 477.6829943436917 825.1593471590897 1 
1 716.5172119936105 -991.6997273796962 1 
1 707.6470024458486 387.9450026410591 1 
1 -48.58353577068658 -581.8963464883964 1 
1 913.4174670606835 -726.3817314147532 1 
1 508.74077606375704 -3.59194492897484 1 
1 70.52116432415278 -702.7193762181962 1 
1 610.0821225198022 -762.3967354668486 1 
1 378.39264910238035 -260.5181779109125 1 
1 -19.995606338177822 -213.31347770400566 1 
1 848.142886760118 -191.8811950118244 1 
1 274.1640258893988 -480.5968430243928 1 
1 865.2692567299305 -682.6017594840714 1 
1 656.2453058293797 -216.45764128978908 1 
1 617.9293633948153 136.92095838261707 1 
1 -83.7124571318393 -290.0803002853032 1 
1 658.2863042920303 -329.30611922410367 1 
1 869.8148064091974 961.1759867330704 1 
1 882.9183897608145 878.606529098749 1 
1 577.4506691946731 -775.211042651091 1 
1 77.40276906652934 -655.7238785143659 1 
1 58.52590483461631 -918.8773265003449 1 
1 19.137768668745025 -182.05859608148387 1 
1 -111.733553898379 -434.4651377226322 1 
1 613.1423425198848 981.657474000717 1 
1 489.76187574272467 -220.9551759123159 1 
1 458.0979123848065 728.5700240668209 1 
1 967.7387382696838 603.2223801748421 1 
1 30.390923454237964 -809.1655669465168 1 
1 90.92101674526543 -154.88707043592308 1 
1 77.34176264671942 -124.34817570268592 1 
1 666.6529534446222 -912.6876411886691 1 
1 666.1035279450421 302.31303793268125 1 
1 740.7178620652967 899.3147537072712 1 
1 997.831489452109 -85.65612705678689 1 
1 182.4825284516146 -411.0096467340295 1 
1 488.47179410887725 -859.5910634163214 1 
1 335.46197241363393 -630.3271872093943 1 
1 983.7379629269883 327.7589482978103 1 
1 154.68694075539406 -951.2549756829665 1 
1 366.1561046400227 235.37099515124532 1 
1 796.1173935201386 -88.56654480000918 1 
1 860.7359821121336 412.50666374715047 1 
1 837.5362043294413 96.93538546356399 1 
1 568.363676527091 937.7504841590933 1 
1 -87.8935783819062 -903.107753075323 1 
1 435.86492305387355 -861.4835921107594 1 
1 688.4443483887064 -603.5335747438753 1 
1 149.8206198541493 -711.7138814670277 1 
1 141.5978518973484 -298.19006410319355 1 
1 134.52948436741372 -598.107600891899 1 
1 930.6335011182919 -513.0205712769068 1 
1 306.226928002 315.3749783150158 1 
1 848.8476953140498 -215.4142059137098 1 
1 66.37912462646659 -647.4953798246702 1 
1 201.19745830741704 -247.11133809745468 1 
1 67.51969625412289 -713.2149439926084 1 
1 -125.82072969544924 -497.50036444102045 1 
1 266.9906764255045 532.3026732088047 1 
1 330.85843391354706 219.07943224653104 1 
1 477.34206728847016 388.6376092618557 1 
1 375.4052494343034 -848.798550310024 1 
1 426.5437687429853 -919.6391976326603 1 
1 734.0880884668045 -385.9895060269133 1 
1 149.743836797506 184.9804902829287 1 
1 362.89006629116125 440.07935055750454 1 
1 781.591964528252 -601.4790170886336 1 
1 249.46747854077375 48.54132872042737 1 
1 993.3042371483809 828.9039711231624 1 
1 297.89277112189893 793.542636440041 1 
1 579.4922420911066 25.705040503735063 1 
1 689.9572502999652 649.8550351390859 1 
1 984.0240107267005 -877.1581203136697 1 
1 314.2284219938115 115.1246512887908 1 
1 994.8918548630797 107.09424993072344 1 
1 380.77988138136607 -417.7277863134485 1 
1 312.00462353904754 4.857391967120066 1 
1 475.2545451926728 93.2168053907235 1 
1 485.66219501919386 200.9602400073013 1 
1 658.7889098339372 -307.836027194498 1 
1 569.0059429694622 -379.3235311497124 1 
1 527.7138390695625 119.83788369513718 1 
1 488.9042105386186 639.4165132154174 1 
1 888.2764017713637 376.6629723995409 1 
1 916.4775657104601 -291.296692844787 1 
1 800.5537772287867 325.60076793886924 1 
1 85.53786578963718 -868.3540248839037 1 
1 121.96815576814174 -426.27880585853313 1 
1 762.6366368190656 -578.839313928655 1 
1 775.2584743220773 802.0858269918695 1 
1 485.0557631474592 -905.5886363396706 1 
1 556.9848523341916 -49.28808209375234 1 
1 123.93880424670306 -626.1348583852293 1 
1 260.00549992151446 -794.3739893722206 1 
1 119.14216235995968 -72.00076689891648 1 
1 595.227298344744 69.37435708103044 1 
1 120.09497591378977 -543.3404213204451 1 
1 983.8672695284115 286.29843853139005 1 
1 611.5943221436814 -52.508943997425945 1 
1 963.1444992989111 490.0484105343419 1 
1 684.677578313444 -642.6059391959903 1 
1 551.5879854331447 -527.4958019635197 1 
1 -33.151157437165466 -560.0925583075543 1 
1 407.7546094024674 -340.2513575049402 1 
1 951.7786306278749 -87.56794578694553 1 
1 913.3789596163269 -398.2876177768219 1 
1 531.8438496097881 279.309209798555 1 
1 773.9890639552812 561.7628774263471 1 
1 380.8106162565052 455.6160795240353 1 
1 199.36379396302436 242.36841052981958 1 
1 343.37101604589407 203.82547255677946 1 
1 116.68068489131178 -499.11165201183684 1 
1 292.89435836931716 -446.8902369860202 1 
1 354.418882021487 -313.8544459420883 1 
1 458.81545961463394 -242.87183590466793 1 
1 -105.08223065236837 -414.0576598892528 1 
1 522.14950569704 262.0290451305109 1 
1 417.8944761024236 874.6241658683689 1 
1 73.10450193606744 157.32362902646082 1 
1 977.8104805394296 -462.08407937963204 1 
1 914.5586930503132 111.70841624735408 1 
1 957.2141365118091 252.16695565842133 1 
1 868.6988856898902 891.5675213623842 1 
1 595.3324428757437 581.768982993673 1 
1 860.6189866925054 -811.8158057949498 1 
1 -237.27483216124506 -734.632036256841 1 
1 683.7981705321017 -394.4654390194446 1 
1 634.6205731267205 -496.6466698152766 1 
1 307.76952751285967 -376.82844203072545 1 
1 -132.08645820701543 -561.4602210450724 1 
1 499.7270482971767 -847.0054082628644 1 
1 737.7326777041108 -363.94216194619366 1 
1 682.0307630545512 -689.3102347268552 1 
1 368.8541424562475 384.9744692589891 1 
1 130.22959958907654 -876.4837922313633 1 
1 -10.535010878368325 -710.1090167144139 1 
1 -274.8558618746961 -968.8864464131434 1 
1 858.856457632317 -562.1202200446754 1 
1 356.1551803920315 338.45985084782205 1 
1 769.1187098887428 -29.482278084932318 1 
1 672.1755828559446 384.0570074402374 1 
1 570.2195491416032 857.81599984951 1 
1 -34.8350892476775 -371.13703395081825 1 
1 898.780089848557 -892.7113083120408 1 
1 142.27926726811688 -389.83074945148564 1 
1 517.2269580700852 583.0792111626392 1 
1 -1.248234619417758 -919.3577301586918 1 
1 423.236201252123 -919.7851386712945 1 
1 333.1549014189802 319.2359612663795 1 
1 174.33156009257436 215.69578900169245 1 
1 339.6448046808475 -368.18109269925185 1 
1 641.6500693422972 862.6994127777373 1 
1 203.11538396839637 -100.57082513901798 1 
1 98.21786601025019 -962.4601364178378 1 
1 888.0348119743517 641.3897144765253 1 
1 752.8060885930381 -501.4979450471259 1 
1 909.7014204782834 483.766956929622 1 
1 674.8234697471541 -349.94582208348675 1 
1 783.5602137441979 -546.3839543556363 1 
1 584.3351550530467 -599.6311745980215 1 
1 568.342923658538 280.0420357894179 1 
1 503.74701573517746 -524.1493803216536 1 
1 469.3423173792603 774.5144882635705 1 
1 203.19172812925376 -979.1801456238811 1 
1 715.6800407931248 -215.2947678693796 1 
1 450.3280380828794 -381.4440928264371 1 
1 298.79710106217817 -53.2081862990799 1 
1 686.6789837458186 -780.3222117418782 1 
1 748.2369800777208 33.016270981397156 1 
1 489.5999809432535 284.18088765959715 1 
1 532.6847696989423 701.7495321719143 1 
1 500.9367526152671 -191.6541230537723 1 
1 104.64992686130472 -202.18295023693793 1 
1 915.8678312739521 -372.35236166866116 1 
1 -167.52329705450518 -833.756280243611 1 
1 866.2042628213519 429.6455383715979 1 
1 758.7267235324387 422.57379962350456 1 
1 187.8430964161994 -716.1901393268986 1 
1 712.4286330523069 617.4558540438918 1 
1 559.4336967002932 -580.5334959799943 1 
1 782.6801067920157 -507.08591100576325 1 
1 583.8722199437243 -605.7891001938897 1 
1 713.500302355458 -459.62452804758937 1 
1 -48.481499543491395 -627.1989950574155 1 
1 698.3076438759654 -943.9731945410981 1 
1 850.6879838107511 -588.5785616940153 1 
1 -55.11339328952931 -640.4763318441217 1 
1 858.4023042560584 -636.1978376135098 1 
1 253.54969882123964 152.50150351309912 1 
1 748.3540118666162 -381.21325329568356 1 
1 707.4740172240447 864.2761853597015 1 
1 743.8911111911123 -241.09280359999855 1 
1 898.1165717714225 368.583616493793 1 
1 481.8326607458421 -63.36865781493691 1 
1 552.5710990044729 160.52272679531598 1 
1 368.6576376988053 759.4255978757335 1 
1 396.69363850995546 -418.51482547850276 1 
1 247.51932021051198 -10.261131610817984 1 
1 500.16067769672236 -978.9826216395192 1 
1 593.3967280126117 -843.2649080978225 1 
1 966.5730730937307 -473.75417798658145 1 
1 143.99922437423015 381.5603601224541 1 
1 365.1566073086897 -563.2886001590964 1 
1 -11.95153645122059 -701.7277840319673 1 
1 455.3695565403998 100.28663590900328 1 
1 743.946143862049 572.5563933851247 1 
1 710.7193569528165 -305.0320392411244 1 
1 631.0733074174495 -858.7595312636063 1 
1 551.3516168623576 -227.04346531022884 1 
1 -168.96849488350028 -534.1357892316989 1 
1 563.2760051401733 -655.5935680652832 1 
1 729.9070531514103 97.71862650741559 1 
1 759.8995847702597 -151.73519183859707 1 
1 -35.14693195576399 -492.67571861286734 1 
1 194.5170044147619 -319.990201122145 1 
1 321.88184049621054 214.05933544809 1 
1 231.43943335227414 -566.2086083003846 1 
1 989.6536314174539 -342.30409763937155 1 
1 760.8161666386652 133.27912243135552 1 
1 439.2691013734632 -300.2085061164721 1 
1 381.58865396026886 757.5596463077572 1 
1 85.33492263162861 -641.6110865631426 1 
1 546.3666404755445 -106.8338942936141 1 
1 947.5470241083378 386.0354346785282 1 
1 970.5972122480837 317.2613897661636 1 
1 396.9323742988877 196.6879889990546 1 
1 214.87232420670557 -951.8451076127101 1 
1 322.6087172416935 416.6228614239401 1 
1 327.3847385371355 -656.9345961389021 1 
1 878.328435863169 63.720789508503685 1 
1 109.21274721629743 -55.247500178189284 1 
1 463.0426563499557 -389.2643821755988 1 
1 -66.40032365962497 -578.7741421946512 1 
1 -67.21916457681914 -916.7916236834003 1 
1 409.7454403057402 419.08535699335175 1 
1 788.3626844096223 827.1365946011142 1 
1 518.3008980210873 -83.7847225978328 1 
1 958.3711962118239 -927.1846151206087 1 
1 900.4009250123465 298.41029680373686 1 
1 341.81026385313294 -247.25383900997576 1 
1 308.9589009853423 614.1843401712074 1 
1 736.0065699423164 -418.59932299575655 1 
1 621.9796991207061 -146.88901605552735 1 
1 732.1285934962673 -825.3823593321903 1 
1 111.74630684904673 92.96912978954879 1 
1 303.22635131856487 -68.92398977417724 1 
1 759.5043638296288 -837.1744956096265 1 
1 585.0697569230199 -423.18633168932377 1 
1 819.2313787660426 -319.34857823511913 1 
1 401.05959177224645 593.6397309121501 1 
1 153.2397975335441 -788.4250304555845 1 
1 726.8998111784206 263.71993115480495 1 
1 595.3560202251936 -311.46904675602957 1 
1 357.7006660659599 -307.6462504388991 1 
1 57.654765099899805 -893.5579404036125 1 
1 787.0154111873098 541.7425098425431 1 
1 268.31410510836963 -118.2104319980159 1 
1 581.6793334046304 74.88820923728008 1 
1 500.16750099999354 20.0100317900949 1 
1 482.5334617775404 854.5726284875752 1 
1 506.4872331314539 -148.6474215641806 1 
1 346.59370830316857 -209.75432034934772 1 
1 494.2531461046499 -250.76444618154585 1 
1 347.26374053722907 -782.6103452466699 1 
1 246.0567237954433 -225.62924384472467 1 
1 926.2845341512398 370.09791454702713 1 
1 337.0440209413325 -907.8996836062238 1 
1 844.6468513018549 -9.827624772880768 1 
1 891.397047608669 321.27028133717863 1 
1 221.15367707465043 -785.7263166629677 1 
1 83.95244211809313 215.89843768986339 1 
1 924.8070892204221 264.8956919859827 1 
1 35.25764424002796 -975.085880982867 1 
1 781.2917351737547 -678.3772601686234 1 
1 -233.1879415890594 -919.9330319111774 1 
1 611.5121042798148 -811.9208904905211 1 
1 559.1505042007473 -341.0184547183802 1 
1 465.0249032078875 868.190413871951 1 
1 876.7339758256551 -97.56600394392433 1 
1 -145.66978405005239 -929.1581528048662 1 
1 -39.560616309199304 -320.94972034814145 1 
1 252.49777553104855 -922.6768275374006 1 
1 901.0135726232711 695.5422043638337 1 
1 413.00865075698493 25.588922160861102 1 
1 294.9647553875525 -183.01883419408364 1 
1 377.43405538208594 -144.73462152797856 1 
1 386.36652193966506 -415.7521837150673 1 
1 692.3941055464318 -931.3383286024124 1 
1 621.4123723496291 -934.1010477471481 1 
1 773.9608398574503 -269.7729155854204 1 
1 689.7536854597176 -411.9290127009142 1 
1 780.6836747394664 -146.1462375161825 1 
1 418.6557922287943 -35.73609878990953 1 
1 324.21543370020004 -886.6717579478006 1 
1 203.1577558006427 -479.04703905758697 1 
1 412.69363914922656 -735.7863226709951 1 
1 650.6786535228623 545.4995320305484 1 
1 482.7215381161516 -617.6601488826094 1 
1 328.2011176784856 617.8138537961215 1 
1 836.9113819088102 895.2787886525516 1 
1 496.12675029063826 -355.4512716739292 1 
1 298.9902315966938 730.3633610597537 1 
1 639.0743155305715 328.9722182245855 1 
1 -168.91448213149954 -959.4064329766833 1 
1 904.6595798615231 551.8224075461885 1 
1 779.3599699502436 -753.8278227180268 1 
1 993.6874738696731 182.7043081680647 1 
1 413.1729746591691 -747.3711220402006 1 
1 132.73494993093618 -374.9772675762714 1 
1 655.641885279731 -376.6669000596995 1 
1 86.90106063797612 -780.5274096602112 1 
1 950.1824226957758 -668.7973798515643 1 
1 746.7892667825358 67.10251765787211 1 
1 660.4668672588609 888.0760576129187 1 
1 262.78743267754976 104.27075048321399 1 
1 495.54794560133087 -769.1600674460768 1 
1 -143.25070403953305 -595.7609604254841 1 
1 613.7057258803536 -674.6422563938405 1 
1 615.5694620412235 -367.640619475026 1 
1 675.5454638678493 322.6446641953546 1 
1 602.5657124308475 -363.6779868649794 1 
1 311.17750975424474 -203.05872783080542 1 
1 667.4514716614765 804.9882263603399 1 
1 197.32447853168105 -752.7448464183688 1 
1 111.84054761832203 -555.8372443825748 1 
1 491.1947712515141 293.26115543168 1 
1 554.6210544076853 -541.5212826876741 1 
1 240.55122663381644 -665.4335251324778 1 
1 812.686855903981 866.730907529821 1 
1 727.8819988282708 -139.73387586248623 1 
1 437.90065325555474 714.0872421072181 1 
1 787.7032125733567 -822.5268306285965 1 
1 952.1739325283934 435.46959992696225 1 
1 860.7188891847532 669.5667260965677 1 
1 -36.739830636885245 -900.289097709784 1 
1 606.8398050978542 -283.21973699722344 1 
1 -184.3227967215289 -606.3891544331017 1 
1 940.8326606244377 -757.2498065000035 1 
1 348.7563251461197 258.9760710862349 1 
1 844.5492075430575 -81.61097842480729 1 
1 445.669960011096 595.5810337336102 1 
1 504.78338444070164 974.0815194018039 1 
1 -243.91588314389503 -873.2397128865272 1 
1 259.57044759605037 -828.2669149682395 1 
1 477.6799611605709 -761.9821619530119 1 
1 846.0036418183313 307.4592777158973 1 
1 843.1933701356363 23.6386580081205 1 
1 602.2141640270559 -864.9436932723252 1 
1 281.9880860013218 -611.4724779125961 1 
1 840.5756274805392 -69.00840489656878 1 
1 852.4616103775857 -799.8246018931259 1 
1 372.941322446246 195.51361543598364 1 
1 458.2150971391302 -92.49774539634757 1 
1 409.5943142625051 263.44876395940355 1 
1 -215.5502893566162 -994.1838048525042 1 
1 361.65331587661603 128.25215557746333 1 
1 523.6196477988276 199.84692654487344 1 
1 748.7232125207784 -395.38010530790166 1 
1 259.301619507489 -5.125639090463437 1 
1 433.4054350861361 -916.6686970281817 1 
1 650.3577338398425 992.4612303358188 1 
1 156.07207591275073 96.10933788462512 1 
1 408.5010718056078 -703.5844626933597 1 
1 848.6360209901015 -234.22187600321774 1 
1 206.56476959830707 136.6417023061506 1 
1 560.4990223165694 -549.0117511656874 1 
1 3.707786519154979 -314.9091693770555 1 
1 493.7992528704947 -641.4190372133544 1 
1 474.9225199971452 935.4046497222148 1 
1 363.5215649028148 -605.8397503249778 1 
1 547.1473060470651 260.04310358391854 1 
1 -17.444454054601238 -830.0950447099992 1 
1 616.8749885003513 -744.8355081487501 1 
1 286.15992975695826 253.94984046260447 1 
1 392.60447886490397 814.1083371939098 1 
1 511.3501579862011 -464.784854718254 1 
1 841.8235834864836 -901.7380458987229 1 
1 -213.7448686811606 -820.2542349492905 1 
1 882.4212172885475 -667.7406985625553 1 
1 695.1514288071944 888.9422007099515 1 
1 908.2763531813368 -223.5981897892018 1 
1 75.85559091303458 -684.9816495324374 1 
1 935.0183475008325 784.1842824853679 1 
1 520.236089602256 760.6557230485598 1 
1 253.8691202769951 -744.7027452432272 1 
1 315.0901195579204 -960.0414393660944 1 
1 -134.85675200065702 -978.6789741257736 1 
1 520.4331741946958 -717.2695576118493 1 
1 170.96199129266188 -203.40565767282317 1 
1 348.84251533241604 580.2473485343467 1 
1 701.3121078308504 -371.4906401447238 1 
1 698.1227063822005 -202.62283892492837 1 
1 810.9865353466025 816.7217829199758 1 
1 655.8268511827064 750.4677911243293 1 
1 454.8391382340335 629.3141278764756 1 
1 398.18402887175876 316.1098638791052 1 
1 309.8758990886188 -35.02560248571433 1 
1 774.8367826900301 -891.4606128933898 1 
1 785.7153395265341 592.6634745826216 1 
1 822.7294298996342 -527.1026723792845 1 
1 942.0901887600692 65.30209471336502 1 
1 922.8254185644607 352.66425537565783 1 
1 816.5268037276264 -410.20437121941916 1 
1 864.830720769311 572.0710144037273 1 
1 -98.41378247077523 -562.9859441351177 1 
1 988.0161311782808 451.4082382712488 1 
1 734.3782297209907 109.18292419089016 1 
1 685.2368238657734 -332.2827710751825 1 
1 768.7473331384062 -857.6263423377 1 
1 260.12011135970806 -387.9385934118959 1 
1 -259.5095696596245 -933.2301795859968 1 
1 856.9420500574768 -242.87935092815405 1 
1 200.99029069899098 -364.73961321758225 1 
1 159.50970149013506 -301.74486917630713 1 
1 -229.5996341877127 -833.9405322903916 1 
1 313.031334544806 -331.9366743113021 1 
1 -264.84657503111816 -969.2713613098048 1 
1 84.85130337789633 -514.8625008140015 1 
1 594.0911248588816 350.974361274117 1 
1 740.9521845989295 -968.3641603042098 1 
1 644.1826815608758 -176.16189137356207 1 
1 778.7056394045021 508.4107872988541 1 
1 -138.66532995993623 -828.4000547818052 1 
1 413.68220503643647 -674.9830350834044 1 
1 494.49035806605184 -975.9296736256881 1 
1 887.7510480263275 -468.75991889069087 1 
1 552.942162349457 -114.28462074019205 1 
1 976.9250017794557 -415.5079742170518 1 
1 753.0720853536097 963.671316809068 1 
1 850.2419245993376 587.616774361016 1 
1 887.5564941400994 27.414229482674045 1 
1 502.2170449596017 854.4492436940668 1 
1 740.3510121211323 74.21529204659942 1 
1 31.686073167501945 -305.649607928567 1 
1 873.7556787499125 421.29612404554723 1 
1 598.5396355825553 370.4713760544073 1 
1 -68.30276350399265 -744.5055803411335 1 
1 955.2540749068314 -241.5331363525421 1 
1 673.3592517745703 -522.446355950609 1 
1 -305.1366559364243 -977.1345675029703 1 
1 734.6166938730012 -68.4634805705947 1 
1 -19.46671861742368 -702.2342196837182 1 
1 392.7416610025016 -801.8709524619247 1 
1 858.8602918304332 11.721822961603948 1 
1 700.0446555003759 -45.89241917404388 1 
1 907.1700107744787 615.953959776429 1 
1 810.0254752603839 182.8340125363295 1 
1 802.4827157094217 -451.77178605045253 1 
1 115.26662996351251 283.33391745194376 1 
1 490.1152021831549 768.4577200007682 1 
1 516.7044319240727 640.3080966925684 1 
1 211.88575272319076 458.6921582401203 1 
1 436.7078543944681 -939.9252214647779 1 
1 990.7324640845934 32.06541155068362 1 
1 470.517906023214 -257.36592016032284 1 
1 801.9067609283361 415.97411977404204 1 
1 169.16468216216663 156.62492910738433 1 
1 47.77536079933179 -286.90446126774305 1 
1 818.3795060805139 312.9963560200897 1 
1 333.5127619440648 919.9835441261596 1 
1 946.5338012855013 982.7951405193635 1 
1 495.3131123741657 371.4131207427158 1 
1 850.6263343530761 -788.5532096371795 1 
1 -173.31604605937957 -525.5470346713561 1 
1 541.9139910034767 367.4699879400382 1 
1 974.2269099463836 -387.21637500332884 1 
1 229.9624465783936 -196.87445658975935 1 
1 -43.24437893132085 -920.4811906397069 1 
1 718.6875288832405 -477.6483489724858 1 
1 703.1431526077479 186.73857108300422 1 
1 465.15346658619956 -5.537895418152857 1 
1 920.9681227960264 -832.7768107571909 1 
1 219.72017326491437 156.32673389383467 1 
1 636.7236311204804 815.4836016862121 1 
1 302.9028258497342 488.2917498834556 1 
1 955.2107858367604 -626.5260424041646 1 
1 892.0295785033002 282.4317064878858 1 
1 787.8943415120368 893.667265287278 1 
1 942.346834433629 107.8327809213497 1 
1 937.1337807541427 796.4439715202445 1 
1 778.5266194759497 -228.05823990702652 1 
1 388.4291635826494 369.7495715498378 1 
1 792.905670772056 69.03115631790729 1 
1 870.9075653699247 901.1118737426898 1 
1 759.0620583397956 -0.054123208878309015 1 
1 749.4179628852232 -358.2840201341975 1 
1 411.6255499733966 -307.46182592063064 1 
1 52.26233035216751 28.803443841184162 1 
1 402.3220844732591 -803.6140608497643 1 
1 -111.06533981310486 -815.7424479776305 1 
1 -196.36674506249176 -767.2633198899548 1 
1 820.0217298343523 933.488703945309 1 
1 524.5002811772747 355.66998151469124 1 
1 916.0345945391966 819.4817694936223 1 
1 296.7532856987191 422.0948336005572 1 
1 856.018828248787 -599.1184266399031 1 
1 -159.5697576994695 -954.3751925429303 1 
1 454.2435285771078 540.721184847901 1 
1 448.0698738110152 -947.6131541862461 1 
1 366.0504305177851 844.8787712123562 1 
1 607.1543182584987 -501.4800247445477 1 
1 586.6956517602171 -754.2141081816546 1 
1 885.0538270531695 283.1987771724248 1 
1 264.67239530937013 389.6371989414786 1 
1 989.4725009783137 159.36167570268003 1 
1 -66.12527319421281 -763.6494194517293 1 
1 966.8991023199885 395.0671161269029 1 
1 823.1248392958535 -895.9146649918155 1 
1 231.88967046717585 -300.4941085253297 1 
1 619.4418312913269 671.7183649452784 1 
1 388.61153251929227 -485.17790762322284 1 
1 268.25428254866324 135.54702634641467 1 
1 771.7726054569998 109.12451640920631 1 
1 897.7012669776796 -917.9993745561835 1 
1 458.077757127066 910.7527886660887 1 
1 320.4820278151942 -267.61594479622534 1 
1 219.61970788366602 -60.20807959567162 1 
1 416.3881838848549 -658.1896376463153 1 
1 521.5193841047283 898.7672217543111 1 
1 279.5791669752691 -7.31845447908313 1 
1 557.3484358845669 81.99301976257311 1 
1 727.1966844964243 -368.65079713025 1 
1 59.200930900970434 -261.92476617226146 1 
1 564.050849232761 -625.0515367957194 1 
1 504.8009003217833 -57.292389859932655 1 
1 366.1076770433258 48.96365751983012 1 
1 899.9520306477489 -724.456037984929 1 
1 76.2537844631072 -394.91831480861276 1 
1 877.4342024288719 -844.2659346626649 1 
1 498.5037655243507 -208.99784048411664 1 
1 564.7377984950024 -653.9343285302325 1 
1 225.14328640916642 -954.9462496870007 1 
1 42.80895770612801 -297.34063361982635 1 
1 551.6496206717122 -450.08552886602854 1 
1 896.3036235194099 352.4031918026135 1 
1 288.9118172453009 465.3446782929859 1 
1 -43.01343961481757 -780.3574719126705 1 
1 831.1851032077702 -772.5850965670724 1 
1 667.0538673126027 695.7812684347739 1 
1 -156.94284877227847 -551.1601935046978 1 
1 711.3587707253378 871.2603615322412 1 
1 301.1928476428295 -937.8215411808612 1 
1 953.8540436789385 761.6365716750583 1 
1 441.19358341211705 856.6006159842927 1 
1 861.4713264698926 472.0210565888144 1 
1 -4.861057746246274 -507.8818805601235 1 
1 237.0692191867072 -313.904367866709 1 
1 771.0435683350163 -796.6941174836134 1 
1 323.5792678418295 208.15994031915693 1 
1 952.2782321659031 -708.3379927932125 1 
1 640.4310777533944 -601.2974204861049 1 
1 -170.52836322145743 -600.6202958778385 1 
1 841.719588162279 -160.81581127329525 1 
1 810.0267729584634 -158.84597294918296 1 
1 943.2810369501474 -717.0877849028711 1 
1 544.010590352203 -126.55913414695715 1 
1 96.95680272360914 -106.98919836488881 1 
1 217.65218670447734 -197.83376664222988 1 
1 247.68610173262982 -984.3148882202889 1 
1 391.72338374714013 -676.1872189991354 1 
1 904.8505445057881 -771.715735396235 1 
1 480.0808132024363 -104.73302447410254 1 
1 -28.605918937674005 -190.97801926566524 1 
1 778.917107177273 894.6954844029678 1 
1 -7.550729458817273 -360.95530715678865 1 
1 936.3920936755417 -38.755950857696234 1 
1 222.63744852106265 370.5945348368839 1 
1 788.1911933971121 -751.2546706841908 1 
1 807.6106509983392 -800.7306169753866 1 
1 573.4185224349392 26.76141422358478 1 
1 603.267787223602 -58.86208577064497 1 
1 430.1007626765454 364.7676874445208 1 
1 844.8325818619123 965.1978761341913 1 
1 541.3180100279958 -522.1359490592639 1 
1 932.4341441920994 -914.561830833977 1 
1 513.097401332506 -743.8790790829605 1 
1 595.9162222924654 -877.9212100810954 1 
1 641.9157511258245 -849.3994439919119 1 
1 974.5806246124032 -86.62700418938368 1 
1 73.87788945715283 95.1586768214006 1 
1 258.24426167842876 -268.84165441744415 1 
1 594.536473029247 -641.4627648416481 1 
1 948.6233203736122 909.3036563307608 1 
1 782.0329035134453 601.532843847858 1 
1 783.9290249899179 -937.5460040838652 1 
1 187.1645325648169 480.27191802344146 1 
1 895.5073931711156 -643.6157785108645 1 
1 740.3445170700766 -718.4949734876748 1 
1 657.7102730540305 101.63599559133354 1 
1 293.9732236136442 -772.9866627497394 1 
1 577.3678169189586 954.4706414502909 1 
1 122.07638791289219 -445.3100364327115 1 
1 273.86244981701566 279.44315871629146 1 
1 -173.063681409501 -966.1438259908708 1 
1 257.88456428641257 439.71717282419786 1 
1 926.8187607830298 -175.30721197220328 1 
1 -27.131249744683828 -604.7401513227105 1 
1 284.73784745139415 -659.0746655816824 1 
1 -244.54170718030173 -987.8317415265494 1 
1 619.0848587860442 -686.2859988975679 1 
1 176.7709078016576 -784.2537264998446 1 
1 663.4315578695789 139.87879787955376 1 
1 166.85224037368744 -827.5957613464086 1 
1 624.6625853571006 -486.772497457662 1 
1 301.4745299314063 199.2242448978575 1 
1 907.8277836848702 -462.9618978813421 1 
1 890.1525140025392 441.99733423611906 1 
1 949.8012178556196 539.3637801053815 1 
1 851.6830361972043 -596.3413386766592 1 
1 238.01504972532757 528.6103965514039 1 
1 385.04460471212064 -355.6466556495013 1 
1 64.09471880408796 -226.92678921114918 1 
1 314.1949576205161 -78.92002973448018 1 
1 216.69495223804938 -328.0050292808817 1 
1 482.83920395513155 617.2420576512077 1 
1 852.591907128462 876.8488256152468 1 
1 924.9879672875225 543.5136672034619 1 
1 -85.80171099077631 -651.3775641063366 1 
1 260.77775653834124 242.8308308551791 1 
1 848.3488142316135 946.3024376919545 1 
1 643.0582366017059 872.1537120348848 1 
1 375.1561347297072 161.51160450667317 1 
1 346.9311034383045 919.7029343716715 1 
1 788.0549798655136 69.18325844397941 1 
1 616.011913041111 -163.1325832496408 1 
1 877.1219447490098 323.27679274602565 1 
1 495.9286257066051 -277.78641921846383 1 
1 -10.731407956031148 -179.6712787949648 1 
1 931.6019485551647 663.5786112602943 1 
1 255.1328658845523 -278.98622560321905 1 
1 950.8813997933248 -156.0301936675828 1 
1 369.39241047078144 43.45062616866835 1 
1 389.12687552513717 -345.3024742568268 1 
1 387.7098750535356 584.832706437976 1 
1 359.60573757962493 4.364682129337325 1 
1 920.0131486249486 -293.2522876924959 1 
1 280.6442050991461 -904.7136468621334 1 
1 932.2808153131389 968.8672788795618 1 
1 213.64424821038438 46.49978011497183 1 
1 682.673162818247 582.6861764084099 1 
1 654.2385734252261 -181.01908601968978 1 
1 738.4318787986833 494.98438754175595 1 
1 439.7027622398425 -124.72899276115265 1 
1 -15.543878945850565 -293.3850150989597 1 
1 796.0154177047073 -755.4453913278631 1 
1 -164.68204594342853 -927.1741690360503 1 
1 446.06964320686643 139.66935095404187 1 
1 494.020461815149 320.92499609036827 1 
1 425.040255727828 -480.6853669834476 1 
1 460.37495317203 -599.4060996822311 1 
1 968.2191424477664 -748.6849082747648 1 
1 908.6729369411191 -75.02929935227996 1 
1 364.3187207721594 100.68017563651188 1 
1 734.4668896134883 -895.4729899955198 1 
1 512.8474714517956 538.020181155824 1 
1 767.9567970543419 821.4244434951781 1 
1 986.0568051844907 107.88225745837372 1 
1 650.2234368585719 110.56023848348605 1 
1 896.6662059972828 306.7298102250054 1 
1 291.2166343182005 -735.307348242744 1 
1 808.773254706691 982.1393141711355 1 
1 432.07602156652274 321.0489171422512 1 
1 509.1665622066332 -94.13374274078865 1 
1 618.9465724542758 478.19193384618575 1 
1 106.46781666492257 -471.4898137327457 1 
1 679.1051570165512 716.8334326518896 1 
1 525.2923955075851 209.14909254708778 1 
1 629.3533364591317 837.88249127783 1 
1 191.4505390482302 -724.4850137067 1 
1 706.9980624386342 -167.90182766119278 1 
1 509.988020799115 535.9791962529516 1 
1 -62.53854034795529 -360.41801282464326 1 
1 453.96808401630165 660.8331608879803 1 
1 780.7101146403907 -855.7817504341172 1 
1 60.55790824346491 -787.3122493044677 1 
1 820.0200452265485 538.3166664719474 1 
1 511.95382942774927 122.58016264696766 1 
1 466.9391943243015 -541.9718245005583 1 
1 767.5096651016097 -779.7921449821198 1 
1 708.7593957919944 194.2130522250311 1 
1 992.1984746817484 93.62749116202554 1 
1 948.000586055555 632.6093227354522 1 
1 969.5406844391871 912.2644925203938 1 
1 767.7424218258543 -613.5861485639603 1 
1 853.8201132191482 -274.83912336015715 1 
1 675.0378650057019 -155.70033384899284 1 
1 55.75688607876464 -428.9690260203314 1 
1 335.073860234362 253.74947464556908 1 
1 547.0728633121998 -877.3942809138214 1 
1 42.460268443240466 6.250730948747332 1 
1 -139.0887558543061 -613.4453615937316 1 
1 946.7258153992927 -454.2033131659879 1 
1 812.6837856287116 -945.5685573644984 1 
1 877.8393742529947 1.3030558022576315 1 
1 368.90930299461525 844.2849584138951 1 
1 131.54431543704345 -634.9791498247305 1 
1 929.5834952707746 -443.5850987905359 1 
1 770.0721552251177 12.990090540974393 1 
1 97.07599356902824 -947.4408089861311 1 
1 417.14632182925584 -937.9230349536662 1 
1 -225.82683302424368 -969.6985302614895 1 
1 459.57443371613226 -151.37877907597704 1 
1 156.58751719073712 -296.3646623218385 1 
1 -72.66713107599378 -501.39883255030026 1 
1 704.0857306283567 3.767191803122273 1 
1 901.0642909974279 -686.5289254373532 1 
1 212.8989657473719 177.46662396888496 1 
1 963.2494503518199 -727.2456649780826 1 
1 716.2487511794093 -829.0233276914727 1 
1 127.61673993901218 -955.2311701274677 1 
1 742.3918143071867 294.8878927874596 1 
1 572.0347155355553 -895.9846413136722 1 
1 894.8553668642019 -169.41210813398095 1 
1 511.5876173136055 22.176564261809972 1 
1 720.1931582993589 -33.58269765457783 1 
1 673.366655193958 638.6111268435709 1 
1 70.65752165483059 -848.3391752898203 1 
1 535.342847317298 -458.9904379756248 1 
1 871.8951552127594 757.3741466835204 1 
1 895.92057762951 -659.6890724959136 1 
1 262.396711321888 -130.78410152670745 1 
1 639.9709584870868 610.8100783739351 1 
1 892.008374695821 -235.05667353825447 1 
1 14.750592633520569 -69.22838526649639 1 
1 438.86114800456585 8.099593332253562 1 
1 783.3449560443469 446.10482880776203 1 
1 830.970125440994 936.2968032924985 1 
1 223.3092921980715 208.55071017633918 1 
1 807.5927737773011 854.0894226736175 1 
1 833.5274223333988 -631.6519064493821 1 
1 906.0141418105322 797.673068074612 1 
1 908.5351353582321 -23.56683840460687 1 
1 800.0426284310813 779.58467185827 1 
1 546.1429358642174 -505.0955003027875 1 
1 869.108340002919 848.2638909575762 1 
1 269.1814394288115 472.5680249785412 1 
1 347.6331386318709 520.4548734653506 1 
1 853.6490483594334 251.84164667617847 1 
1 399.13482459161946 -567.4651650459039 1 
1 131.5920911425403 -828.6491012126457 1 
1 688.7941204552378 864.2848383382029 1 
1 296.98235185413773 460.1965468566161 1 
1 -240.78506277352972 -939.2299144077463 1 
1 -176.69374569905506 -833.6780173768525 1 
1 651.1159250475009 934.3898636729277 1 
1 332.25471582309 -945.4454445976556 1 
1 -39.840713842466016 -253.52976439622978 1 
1 227.17889376454582 -164.8375513446905 1 
1 305.9298681454991 -228.488153047492 1 
1 -278.0535339835826 -977.2826234466137 1 
1 941.5803945651733 239.98180525493763 1 
1 727.0497962563124 -693.0726974751151 1 
1 780.7881449649317 950.6368430363666 1 
1 712.7928041611908 426.7591926082366 1 
1 199.55528708076963 -939.816214515687 1 
1 168.16541216646533 -35.718657678667455 1 
1 418.8448076339314 -893.22113960511 1 
1 478.40728826445275 -899.2510099952116 1 
1 370.28224682107293 -853.8481948737632 1 
1 -246.74018812394615 -770.3912934629346 1 
1 -183.81724311658172 -891.3599302554161 1 
1 796.6833179053374 535.2947796917738 1 
1 -154.14860518645935 -986.6403778029726 1 
1 246.94332673737063 242.18296641765392 1 
1 -220.1524121548813 -820.1868243446274 1 
1 572.281706535033 -60.608901028479636 1 
1 122.48500953742996 -671.6926077299029 1 
1 -89.50630352942665 -605.1690150748263 1 
1 90.06775864891483 -701.0119373004445 1 
1 587.1802702550829 -677.115504265473 1 
1 285.3599499268987 756.6972716312441 1 
1 106.71026294524336 8.728251117541731 1 
1 19.138025191025463 -250.1453942768677 1 
1 317.9455073329252 530.6706832485281 1 
1 340.1199693968449 -162.70406501940977 1 
1 388.7514623435793 -793.8076849517042 1 
1 331.6393437220281 983.3583823391409 1 
1 203.29448274997844 -907.4659730869773 1 
1 30.640409819894103 79.13337789577827 1 
1 75.0659273908991 -665.4659886369119 1 
1 338.0810304845245 601.3647096158713 1 
1 482.60756481922976 376.7036531332833 1 
1 363.8094758767147 -509.55921985224 1 
1 740.2356159577728 805.8850851500304 1 
1 -289.8066386986386 -890.1962431153722 1 
1 764.9502676691429 830.198736969473 1 
1 629.9452265131576 -783.7198189485146 1 
1 256.54987599918286 -96.37645259876854 1 
1 72.55764645643467 -982.3548067409779 1 
1 877.9158994113425 702.9903489555015 1 
1 395.37299111145535 927.3924599158563 1 
1 210.35515600879307 -312.13586408921617 1 
1 396.79639499829045 234.29742117450428 1 
1 -53.29607626371467 -544.5883517583574 1 
1 197.30056759073523 232.17150802853575 1 
1 535.8407154557294 -48.198093134721034 1 
1 165.91617631661006 -504.4642631777849 1 
1 656.493589860911 71.21689796880014 1 
1 546.3685013178126 91.3424658758463 1 
1 105.24167611266785 -937.6968509419218 1 
1 922.3436483629432 -827.0015429106353 1 
1 723.1423344791019 -312.67713433926656 1 
1 -39.85654356664088 -669.2873604285805 1 
1 82.77442278243689 171.77546686149003 1 
1 90.02294107370813 236.06830420514302 1 
1 833.0073325119608 -565.7406422347165 1 
1 564.6016894469506 295.87710510069246 1 
1 775.7053603238498 -354.6426966433381 1 
1 549.4005629703934 688.6015656402508 1 
1 891.5937547592675 56.501111599033266 1 
1 892.6693287857054 -805.867080541582 1 
1 224.52419814676887 -742.6901965166296 1 
1 867.0543612148231 -210.58880543350938 1 
1 965.056651693593 -668.5169647354259 1 
1 885.8026810293482 199.13497769146284 1 
1 192.7663458975062 -512.7548043469261 1 
1 417.74256356191836 248.96394505823469 1 
1 411.4490614289973 956.182696703394 1 
1 331.9004422526673 790.5797596602602 1 
1 434.2611877226291 418.1401885823036 1 
1 962.7866809455008 121.92666820316504 1 
1 481.9529484251532 -406.11649830460976 1 
1 948.0458497289007 273.2671498736281 1 
1 274.94957536608626 -879.4247552458862 1 
1 222.31793767946783 177.64411894333352 1 
1 980.2433200225341 -275.9169227612465 1 
1 546.8218662860743 338.60950714572823 1 
1 549.4662954199732 857.1200890410403 1 
1 208.98248297863552 567.0130092496368 1 
1 761.707548103235 272.8843260268666 1 
1 646.407256726296 -411.09431428395726 1 
1 883.8032252387763 743.6167313820131 1 
1 478.9452521135472 -765.318454117525 1 
1 767.7724854206069 -358.03383467844503 1 
1 475.42605923252904 -352.8817278148381 1 
1 135.22538407961838 -488.4889462547693 1 
1 290.0415785229859 175.2360661162843 1 
1 394.09302304467747 240.5859604536604 1 
1 477.16904011256247 -34.40235015765097 1 
1 288.71209636120625 -290.70420587249055 1 
1 178.72126750893585 149.8233969455016 1 
1 327.8146191047963 -21.966204298994057 1 
1 -741.459051249218 -708.6684533805889 1 
1 -463.7899682807082 -519.8901234873626 1 
1 -754.377259505362 -339.5844057503391 1 
1 130.82316195323483 493.9178326157919 1 
1 -231.25539781819964 -585.1414542633412 1 
1 -294.02723909182714 479.8236561647923 1 
1 -62.5677111056566 807.1934573214357 1 
1 -736.4378140759702 438.582166372521 1 
1 -324.9546117235652 227.88821033796034 1 
1 -645.0024056591034 -462.93976287196244 1 
1 -994.8212472710014 -515.5644646385774 1 
1 -629.3041169564704 200.84237199973086 1 
1 -989.9651974273623 -167.11559574883188 1 
1 55.0710998856091 300.4801983602854 1 
1 -435.26953376266056 31.95031670976914 1 
1 -571.8817563002445 84.28976241436271 1 
1 195.08730166111513 657.3096243290113 1 
1 -744.0137924133633 237.33597805378326 1 
1 308.8304840273138 996.6833978632469 1 
1 -30.533098568481023 533.8474968913276 1 
1 -713.539688018901 -324.06410550404564 1 
1 -643.3363405015288 -904.7497903949459 1 
1 -686.7618132892055 -73.73994865230543 1 
1 242.91310337572236 857.7460475380083 1 
1 -534.2997166079581 -688.454007945601 1 
1 -407.2808735524111 743.146271121351 1 
1 -133.76426973913726 976.6893185606086 1 
1 -511.3144702858319 -990.4812651709146 1 
1 -153.6741909165478 -457.9354808263049 1 
1 -725.3322538704019 992.1049447815747 1 
1 -396.8347753676809 93.827115909334 1 
1 -514.7160877319416 -789.1236185025035 1 
1 -799.8518171666752 228.80341565702042 1 
1 -939.7480428839206 577.3638991208172 1 
1 -569.4131195725099 -866.2967184795223 1 
1 -707.6184689704452 -730.9873347243615 1 
1 -456.78276869914396 329.94647615126405 1 
1 -94.79333096608718 257.8087173196677 1 
1 157.77299511398473 992.8630559603057 1 
1 -757.460020630006 247.82908966012224 1 
1 -236.7858855867712 56.95408305943397 1 
1 -548.3992608171185 -5.68778370066309 1 
1 -95.15339935060683 -18.066451570634285 1 
1 -998.7585389177399 -219.313512374654 1 
1 -679.0011289892262 540.6185424217199 1 
1 -63.09049903392065 84.9864921617525 1 
1 -139.1067612525875 30.125175941926955 1 
1 -938.20180032068 -134.2393825124492 1 
1 -457.472447812164 839.711346703762 1 
1 -572.4821843544023 254.46628375016553 1 
1 -217.00922228630998 -273.1919805854118 -1 
1 -819.5244336866632 -225.04798655490754 -1 
1 -320.4835560620453 -560.4173197744935 -1 
1 -773.389398994269 -827.7656452613556 -1 
1 -476.848265708207 535.891323353045 -1 
1 -910.3599973200127 -931.7596455838731 -1 
1 -892.7868677423423 -428.668039332096 -1 
1 -973.3016839439574 -957.6989139466766 -1 
1 -617.8032816193096 652.8759961382125 -1 
1 -377.56166278335866 210.94929422128166 -1 
1 -395.8207399299 -341.59441172908794 -1 
1 -387.9264795628094 775.9058916721335 -1 
1 -513.1980984072687 -979.3518711167427 -1 
1 -169.15596326737978 -483.6695007374975 -1 
1 -992.8164639206427 -851.7798912403533 -1 
1 -556.2387050757568 -494.43125232024147 -1 
1 -876.1465815409989 -132.6932784539091 -1 
1 -909.7786046293263 122.40480645898629 -1 
1 -339.29811909639545 -694.8708038511829 -1 
1 -337.91061931857223 -788.3884915076012 -1 
1 -556.1134489416796 559.9044053033838 -1 
1 -47.415262092822786 774.3585809511953 -1 
1 28.652985671083343 665.9241336021119 -1 
1 -947.2798379992023 -35.20944881866262 -1 
1 -386.34031627082527 -977.50635637098 -1 
1 -746.1015979407301 234.24741033695182 -1 
1 -168.10951044044145 -218.93405796101354 -1 
1 -403.0951920170403 -343.3495650417859 -1 
1 -291.0654601801824 638.5169715982929 -1 
1 -887.3495848585634 -960.3532680296264 -1 
1 -812.3874115758861 347.2904979376208 -1 
1 -357.1336840990406 142.51546277675084 -1 
1 -73.15464520004059 134.7689565607409 -1 
1 -79.3502816109974 39.03835038561033 -1 
1 -224.76246571137358 -300.1465441842538 -1 
1 -128.9804927477751 588.5885524902833 -1 
1 -502.24253266528257 581.5491070547216 -1 
1 -380.9867431085536 -132.38037577069713 -1 
1 -777.8756067732703 -772.1362210813061 -1 
1 -144.00999525132988 -319.82727831096224 -1 
1 -262.8234720864534 478.6519623070692 -1 
1 17.611231011663108 165.5167556751635 -1 
1 -875.9889725047277 3.653810634758088 -1 
1 -338.9426834899965 -733.5195974283663 -1 
1 -568.6157944294177 -844.7075931618485 -1 
1 -320.8157409084522 -921.5101494217839 -1 
1 -795.0154881161727 21.07337979563431 -1 
1 -853.1724468101505 -597.9797927972696 -1 
1 -416.3238276229407 -955.8886387410878 -1 
1 -672.6692344463734 478.526678933388 -1 
1 -371.5447497029046 -497.7095190932428 -1 
1 -644.152384023987 -752.386528729378 -1 
1 90.34533334338971 639.0540332748776 -1 
1 -620.5248746217876 482.9164665139201 -1 
1 203.80808514938872 856.0230164336247 -1 
1 -515.3006568894025 -487.5547919946794 -1 
1 -968.6298020649136 165.97272011590417 -1 
1 -853.2919998769024 -292.5281280068151 -1 
1 -842.4247171397228 194.11927667231544 -1 
1 -727.3197002331456 -385.4963358912462 -1 
1 -475.29502400467186 -95.89076427193083 -1 
1 -545.3642179397274 -652.9374797311874 -1 
1 238.46165143485814 881.2592291458247 -1 
1 -489.9580039975885 -22.181561465420828 -1 
1 -158.12367287650545 965.0208287043815 -1 
1 -385.4533846309138 -866.065893942242 -1 
1 -572.3430770525972 -673.2551372139864 -1 
1 -97.8003338462496 296.6806724561377 -1 
1 -759.9854681472202 -670.6698394970647 -1 
1 -628.7296912501037 -994.30711721224 -1 
1 -937.5284835607057 -267.7880839975156 -1 
1 -823.115725908749 -464.51157773244825 -1 
1 -661.1729528570374 15.513683239850707 -1 
1 187.61570977097472 647.7028799510567 -1 
1 -71.86070425601201 435.55329060441045 -1 
1 -77.74971563111444 321.1569308688993 -1 
1 -586.1684409577031 -139.22930376235172 -1 
1 -251.37226870261873 432.5339072036895 -1 
1 -956.5998075870546 615.2163636634205 -1 
1 -932.8082218209253 -538.6536832989368 -1 
1 -631.0242950280979 -715.367376291531 -1 
1 -797.9880319762096 -206.92087148900396 -1 
1 -978.5695086823408 -247.48250253900164 -1 
1 -307.01792730586203 729.9071789409361 -1 
1 -3.221868681735259 850.9047972947744 -1 
1 -243.12377565141298 537.3664098337831 -1 
1 -775.2680262206228 -120.53249036490797 -1 
1 -202.62444173793813 0.9103084835717254 -1 
1 -867.5288734916012 -9.467370482335241 -1 
1 -842.5034273206992 -707.3192433565208 -1 
1 -802.7280488310614 566.0615799670807 -1 
1 -655.9055400490943 986.3237451566324 -1 
1 -169.44706364446722 -464.5478548064999 -1 
1 -525.7639261086458 98.65353427908462 -1 
1 -297.14534580637417 949.496187978205 -1 
1 -284.34745166238724 -589.2607971696414 -1 
1 -716.2058723966608 120.27591932640621 -1 
1 -830.4593775950073 -942.272354091208 -1 
1 -944.1223610052957 906.5731018303738 -1 
1 -146.48343409079598 581.6056963076469 -1 
1 -582.8159222974758 607.6770069111624 -1 
1 -474.2393618750251 -80.33348927480404 -1 
1 30.089822090236567 95.10082988188856 -1 
1 18.675325540900303 972.0811290210829 -1 
1 -566.8492126441638 -673.4218884485178 -1 
1 -372.8629232285816 234.3725888646311 -1 
1 -363.8733997323277 -993.218081973636 -1 
1 -778.7993028154538 -44.53180078398975 -1 
1 -311.0513851588903 -130.54612951709578 -1 
1 -914.9030075414187 -807.2162317077255 -1 
1 -588.0222949189749 -327.90585206545063 -1 
1 -873.1688733439761 -711.72722557167 -1 
1 40.08199274874346 904.2079131210696 -1 
1 -867.544499442145 -741.7592097317408 -1 
1 -536.25323102196 949.9665377342424 -1 
1 -83.5638180793693 -43.55839438251098 -1 
1 -407.4957997752591 -515.4209359230422 -1 
1 28.35886099436493 440.0877433677715 -1 
1 -899.6721310784877 505.49323351391695 -1 
1 -561.3776041383298 405.53695839662896 -1 
1 -981.1268384365032 -990.1192124364904 -1 
1 -383.366839670833 -256.70699219118626 -1 
1 101.65058824204948 919.0391995325776 -1 
1 -323.86730548521734 991.2871109422417 -1 
1 -410.1063503864981 265.92383321704074 -1 
1 -406.33577888411764 435.15339446050393 -1 
1 -287.1330917075288 -659.9248393406604 -1 
1 -320.8249281701693 748.9342192025888 -1 
1 -632.5327217099488 -599.0135003646144 -1 
1 -283.5412184792324 269.77802326362803 -1 
1 -959.9905581201658 -579.5002352712593 -1 
1 -263.1861771451704 21.495845193594732 -1 
1 -171.57680939806244 -275.3351764660483 -1 
1 -761.8557449140593 -417.5705111238266 -1 
1 -792.4828357605588 141.63499617171692 -1 
1 -282.29076283620884 -719.8093316740801 -1 
1 -549.2737175658763 977.7887263317546 -1 
1 -369.84053221570207 423.89372068444845 -1 
1 -935.061154866964 -814.2547291331321 -1 
1 323.64857654309935 977.1217123369308 -1 
1 -404.91148007917957 499.88911696693026 -1 
1 -948.7918898351388 186.26945180468738 -1 
1 -317.79649298472907 373.14058105344 -1 
1 -698.3236617419049 42.83240636450432 -1 
1 -68.1415759455092 296.74506203178385 -1 
1 -496.96878323295203 -91.59606580024627 -1 
1 -569.4804244092684 -57.95001469099702 -1 
1 -137.44081033244004 240.57788714601406 -1 
1 276.31848585689545 981.6772255489757 -1 
1 -568.067978440831 815.6471553234342 -1 
1 -964.1780457258551 33.2277717517577 -1 
1 -824.5195984528378 -930.2933397284379 -1 
1 -223.25341149886003 -455.21361662276877 -1 
1 -546.1000914207692 -737.399250393102 -1 
1 -526.7265569354306 893.3923882916267 -1 
1 -931.1741523966258 987.5639712826021 -1 
1 -299.0059446644018 -93.31844211402426 -1 
1 -949.4649797201479 497.7267970288276 -1 
1 -760.0218440438189 983.5774382767424 -1 
1 -457.27337017114326 -649.8683629677798 -1 
1 -468.18653808050726 203.3241261511762 -1 
1 -862.5050306248133 744.188270507748 -1 
1 -165.57921898776192 -92.906104618948 -1 
1 -865.7889019798637 -799.8686366516566 -1 
1 -434.33968291803285 312.5362777985097 -1 
1 -462.72720629766616 335.09521740719583 -1 
1 -950.1722950228536 769.9545806935639 -1 
1 -480.4448186159434 -243.00432005727464 -1 
1 -789.8943558880861 -27.50117073374463 -1 
1 -958.972419017985 -864.4490901857262 -1 
1 -899.3040716864516 240.72552380617913 -1 
1 -371.9529435376287 800.8919158243978 -1 
1 -597.6821112453001 453.0027799953432 -1 
1 151.42432230178406 727.3502854053286 -1 
1 -244.71791643829795 544.9320496222781 -1 
1 -517.4456933827946 65.12722807511295 -1 
1 -313.8604092012479 889.2787974065618 -1 
1 -881.3274671141295 -174.08746949918134 -1 
1 -898.5639096925527 -797.2659858874337 -1 
1 -114.00986068201018 964.9826796022162 -1 
1 -660.2634567388832 -751.3254875689928 -1 
1 145.55562289157342 757.620055412875 -1 
1 -97.58558641180139 866.1413201512164 -1 
1 -687.7130349855777 -342.5682251363037 -1 
1 -620.0528475865068 -814.7530886089571 -1 
1 -440.70899937082925 503.17065763787264 -1 
1 -804.5593641146685 737.5296388107877 -1 
1 -795.7196817765227 -78.02223793507358 -1 
1 -124.51022725912173 -167.7016310838469 -1 
1 -701.2272989147345 -592.4969842113394 -1 
1 -591.2855564199363 66.3935054347653 -1 
1 -571.3663523092887 981.4354709147465 -1 
1 212.39267479217665 923.592580405423 -1 
1 -410.521806719408 167.12707638037568 -1 
1 -12.273004496316048 403.04563609091724 -1 
1 -511.79079018907964 -349.74168194567153 -1 
1 4.04801244457758 195.79494979014135 -1 
1 -433.09461928357985 965.9364939697252 -1 
1 -862.3607379636228 832.6861196970747 -1 
1 -375.6636592689084 -186.30390521939307 -1 
1 -52.83461967522044 72.46790777989554 -1 
1 193.12793129142187 748.9513878398818 -1 
1 -457.414873865092 826.6757621496283 -1 
1 -108.32674581379933 587.1004735597132 -1 
1 -740.3904382306662 -745.381872363882 -1 
1 -588.0153766843196 -899.5475143127362 -1 
1 -552.53796965899 607.2416767774084 -1 
1 -701.8538833696078 775.5613662630019 -1 
1 -782.0300429723491 216.3491566645182 -1 
1 -135.2468162324194 464.96344905163915 -1 
1 -786.4057888023981 188.55108309859475 -1 
1 -185.31417179525624 612.7524086878257 -1 
1 -988.6778521994562 257.880639602291 -1 
1 46.97286887548148 620.1712912573844 -1 
1 -829.4899657617718 -820.8279932334617 -1 
1 -995.408224111881 832.1095824471734 -1 
1 -153.68956711227315 859.9433826255486 -1 
1 -350.7640104288183 979.0291764105825 -1 
1 -191.89624765300084 145.04590788590235 -1 
1 -53.629328303039415 202.415908606353 -1 
1 -618.4558680321095 719.1373663325394 -1 
1 -318.8618475202728 -65.04694825084493 -1 
1 -705.8417498489066 -240.93316733427798 -1 
1 -45.300241681474176 908.9530687403317 -1 
1 -429.8537243598902 -777.5401397034575 -1 
1 -197.47497059650163 41.32136198608168 -1 
1 -604.7809206428153 429.63860521712263 -1 
1 -661.9830138379295 -803.3434364228739 -1 
1 -549.0350659586327 -472.83526738303556 -1 
1 -936.6949598587867 643.8563523663161 -1 
1 -306.50110702007373 -697.0726655309953 -1 
1 -669.0194172123038 -165.65435335489644 -1 
1 -320.29837395797927 519.7888793636071 -1 
1 -232.3310854798102 847.3249173507913 -1 
1 -689.9497466656152 -685.9164164548749 -1 
1 -51.77656128171043 439.37253838201514 -1 
1 -614.4089877885951 -369.1235675625886 -1 
1 9.8349989585181 906.5198960120883 -1 
1 -996.6845165187385 658.9397657500481 -1 
1 -358.0989672864356 846.4231409447207 -1 
1 -816.7646835538994 870.9439888136865 -1 
1 26.925157786027285 295.59958582937816 -1 
1 -494.64549458406225 424.4883395385996 -1 
1 -336.32633672773113 -622.2730774364621 -1 
1 181.7546320814206 647.984386162592 -1 
1 -393.6275561673648 -728.6994253889511 -1 
1 -419.20893168004557 -373.283278649668 -1 
1 -665.0198397589411 -258.6111621972078 -1 
1 -595.0208148317333 240.22253682778341 -1 
1 -216.55051908380085 -8.508045299809737 -1 
1 -686.8290228861165 478.37449575834853 -1 
1 -430.16070189136497 -817.8291659591711 -1 
1 -598.9497393217591 668.5052177896873 -1 
1 -66.32599563965448 617.7050532366814 -1 
1 -893.6096380436918 298.71837275386315 -1 
1 100.30434914225543 648.1430732948998 -1 
1 -457.5925161478384 -844.4098968013875 -1 
1 -873.2549895888703 496.16119270848253 -1 
1 -820.5332678393395 886.6651996368985 -1 
1 -931.577076783023 -500.7692080913714 -1 
1 -368.7157246313343 63.949969486429154 -1 
1 -52.77498638979216 788.5053463462016 -1 
1 -391.6591317595843 -599.1610820566085 -1 
1 -647.0910739194621 -520.0601561919843 -1 
1 -445.3358231068029 -105.44038338299947 -1 
1 -341.60137114221595 -375.7739843321324 -1 
1 -888.8026062514915 906.7916969209145 -1 
1 -265.2611416136609 259.08062697102287 -1 
1 154.48572387813806 573.8609499004119 -1 
1 -968.9709773594379 837.3299391362607 -1 
1 -192.26851804671173 -129.8134104829894 -1 
1 -419.62414968117105 -273.52920782850015 -1 
1 -440.20858505982187 -369.4197184678293 -1 
1 -185.9410229257603 166.91488345169546 -1 
1 -636.5868650121076 181.4584896347826 -1 
1 102.58296985766515 897.6776999358367 -1 
1 -556.871446504881 -62.78696999303918 -1 
1 -399.76126814566544 718.5301381721129 -1 
1 -826.3468562463478 -840.1812774352802 -1 
1 -621.7348407692441 309.30038994491497 -1 
1 -727.3038697318618 -756.8202751845338 -1 
1 -172.8724937772099 2.9033270226401555 -1 
1 -858.0102502028737 257.6320300932234 -1 
1 -890.2263004961148 509.978885185202 -1 
1 -413.0395539902888 -455.63342942897486 -1 
1 -862.4119272258861 -251.35523180718292 -1 
1 -685.420307645373 -243.60990739165766 -1 
1 -994.6471619015375 750.9227203534247 -1 
1 -795.7337757107342 557.7284964118383 -1 
1 -476.4020985876158 -645.2109727947181 -1 
1 -142.25136803556893 290.4875009786383 -1 
1 -446.99402352099014 -837.4288768977515 -1 
1 186.43793389532811 641.4893356615673 -1 
1 -514.9225479280265 -448.7398821360764 -1 
1 -506.2883588093504 922.254207251608 -1 
1 3.092065516262892 947.7627591218238 -1 
1 -463.9323539625352 -970.618477623786 -1 
1 -119.74921596681463 -132.5040826463022 -1 
1 -499.5532531727586 -368.1903714153593 -1 
1 -835.732601517374 442.41503868960285 -1 
1 -980.9910177815011 -448.974025148447 -1 
1 -614.0355851651148 638.1219056622338 -1 
1 -825.7457848187761 -395.5353478777862 -1 
1 -792.1918588020841 924.5680291800654 -1 
1 47.86797105286951 966.7544650774714 -1 
1 -405.0169014279845 -769.3006892582516 -1 
1 -882.9445930055102 718.47108750382 -1 
1 -908.6666305402421 -334.50787770076363 -1 
1 -918.8949035442181 96.3836840353315 -1 
1 -911.448768491344 -479.4652664315048 -1 
1 172.27308033992904 643.2118026744558 -1 
1 -786.5390211173103 -110.52966363180292 -1 
1 -904.1296765637611 -840.9151850692704 -1 
1 -918.6270377858988 -222.10999320478618 -1 
1 -446.9806900552254 -440.99032540721714 -1 
1 -450.91899347487515 760.6521858291017 -1 
1 -815.669922850102 -751.5181459127998 -1 
1 -233.08756900734488 -161.78476237614836 -1 
1 -161.05081385658139 -301.3591978780403 -1 
1 -363.8671036262797 233.4785081437699 -1 
1 -909.7792731898857 685.226257584013 -1 
1 -873.1558544414326 596.3026130368237 -1 
1 -358.9031627752721 -853.1635256471845 -1 
1 -672.0838129099905 476.95914108786315 -1 
1 -57.75266727564963 936.2007713148153 -1 
1 88.15473783902985 665.9394292616385 -1 
1 -886.7783832431269 151.03843235286672 -1 
1 -332.80810746460963 -264.5742095545295 -1 
1 -960.9599628376963 -28.225904082473562 -1 
1 -337.54807044417 -58.13526422432801 -1 
1 -684.7765742974439 -968.7607445652286 -1 
1 137.9618953183617 915.7104984387629 -1 
1 -90.78095004767704 413.60999275095287 -1 
1 -790.376434281214 750.9765227628557 -1 
1 -674.6505836917884 -208.97816130971182 -1 
1 -686.8219721356152 852.9230736533118 -1 
1 -634.5351416973847 -273.9614725889186 -1 
1 -937.925025900237 -933.7843069268581 -1 
1 -494.47987904515134 666.8567201323749 -1 
1 -384.96198174944095 -27.91831081934174 -1 
1 117.99737404900952 875.27397858166 -1 
1 -390.1551860296644 -753.6136416989966 -1 
1 -380.62900841822807 415.1692537046813 -1 
1 -877.9226056533466 754.4583414511196 -1 
1 -68.9906977534315 846.8015608977084 -1 
1 -719.2894933726307 942.1196534566334 -1 
1 -281.98514321760615 448.28324692894444 -1 
1 -783.8353943461084 3.2709561916983603 -1 
1 -297.6766267526259 433.0186421729802 -1 
1 -887.9144058047779 -849.6927133559187 -1 
1 -859.8778707019449 418.6459760796945 -1 
1 -622.8691031151945 587.4345643066413 -1 
1 -687.4180595263559 450.2039089399109 -1 
1 -415.15647891742515 478.5992053048162 -1 
1 -793.3222232246025 585.3550252715745 -1 
1 -822.5943568484176 342.9438592349038 -1 
1 -164.1246197946441 339.1147983547728 -1 
1 -847.5547259819552 -668.2286706187147 -1 
1 -309.0933110624967 203.00626496126915 -1 
1 -825.8960211201672 571.9029601817253 -1 
1 -562.9627969524142 -609.002634039377 -1 
1 -754.3610928251386 983.976652119137 -1 
1 -919.5234738817243 891.2834545917642 -1 
1 -426.74054908387643 208.3175613734627 -1 
1 -992.9145750388341 -253.8958956655673 -1 
1 -853.0351638808584 -998.8457025062564 -1 
1 -186.5162977137186 -228.11636549972343 -1 
1 -890.3149483108041 -209.843149196613 -1 
1 -684.0802003932716 462.9931620320706 -1 
1 -585.1024294754448 930.0178490704236 -1 
1 -582.0152743655804 -321.2969265852331 -1 
1 -911.5935063317377 995.5527694256955 -1 
1 -220.1720096572551 563.1916339436175 -1 
1 118.10887198210935 461.4626901737347 -1 
1 -568.4830749279523 -957.244138954691 -1 
1 -36.11235954481833 171.44991070804303 -1 
1 -658.8021934388162 80.9602247501507 -1 
1 -933.2002602166424 301.60892551885877 -1 
1 166.41404928234533 805.5334761323429 -1 
1 -195.99932541190594 158.474506807946 -1 
1 197.40107814803832 873.7147100825566 -1 
1 -794.2919391266616 -902.6389271280443 -1 
1 -348.1310255958191 -429.4202771583358 -1 
1 -954.6981894399148 -225.78760911762515 -1 
1 -593.1374572125377 -506.2286694246162 -1 
1 263.08672579990025 821.0943730016552 -1 
1 -675.6563742288586 516.363480684749 -1 
1 -951.9028139185331 684.4834895970839 -1 
1 -297.6042218954449 563.5016159815013 -1 
1 -642.2272095072249 279.9651073302243 -1 
1 -823.8391288646402 876.1573054705575 -1 
1 -204.13080262225492 -60.024789076530396 -1 
1 -36.67923184713459 739.9753599492246 -1 
1 -496.6193541063229 640.5820049248089 -1 
1 -717.0438432979819 -446.5501061861479 -1 
1 -409.5973633521737 -466.93788284554466 -1 
1 -606.4879983095927 62.208618573906506 -1 
1 -770.9652285138961 -820.6065560088847 -1 
1 -545.0404064912334 778.62589231162 -1 
1 98.5946808584008 489.94287634698276 -1 
1 154.53492405654288 517.9598936376715 -1 
1 -336.83342688346397 -209.89529437098815 -1 
1 -469.4823075894632 -444.2125697802044 -1 
1 -534.4117868082119 -963.0822326744727 -1 
1 -379.0731558668649 483.0201406674196 -1 
1 -174.40208097906486 607.5244179821639 -1 
1 -205.74010562478907 367.47872125991375 -1 
1 -927.579861600299 -98.57392340846832 -1 
1 134.93430659613318 549.478439355034 -1 
1 -310.42476793643436 396.3676543969009 -1 
1 -528.1422548856151 -535.7672613748316 -1 
1 -542.9131666005039 578.1370464192523 -1 
1 -823.9851855754782 625.7042963517715 -1 
1 173.713597682201 675.1319791497735 -1 
1 -418.5731360150005 317.0263930570484 -1 
1 -298.333320259212 -261.00318267512205 -1 
1 -97.3741782434796 -254.35970306202967 -1 
1 -607.8690748460957 -954.5084979187674 -1 
1 -816.3788702821631 229.80490144905366 -1 
1 -909.861789691309 -396.5600740575036 -1 
1 -922.1210603652328 -2.9446798904560865 -1 
1 -652.9920815750119 390.42411418853294 -1 
1 -588.699442441326 -568.353491824422 -1 
1 -10.917943401498405 415.3767507393179 -1 
1 -656.0873471090202 629.7041822646172 -1 
1 -989.1331839276163 304.4309517496454 -1 
1 -165.06069169527234 765.8502633394262 -1 
1 -278.46333631977564 -78.59278563655278 -1 
1 -12.486998290957104 35.869102900168855 -1 
1 -932.9307600385083 458.10200232471357 -1 
1 180.03867771080695 841.6402604721823 -1 
1 -164.84920719939328 -301.0757970792861 -1 
1 -921.8757556126641 -144.62604482008203 -1 
1 -835.8929918457677 -612.3679683871128 -1 
1 -213.55907803457558 805.6559770811941 -1 
1 34.11365848481614 674.1197396896987 -1 
1 -738.1618326221878 -422.3504518909607 -1 
1 -457.3369989287138 508.0754045533424 -1 
1 -513.5924445740188 620.4388899513062 -1 
1 -448.6588422990891 -165.41673580564304 -1 
1 -891.5866038617511 -810.8611940689733 -1 
1 -228.05277944654733 -448.9867995838547 -1 
1 -676.4404485419102 836.0736613374322 -1 
1 -577.054933444489 438.18338283779485 -1 
1 -513.3688250861118 565.9818137957448 -1 
1 -291.4667154781521 465.6963371848856 -1 
1 -909.1119078891974 416.9486801380681 -1 
1 -485.96659274175 -408.27117356866665 -1 
1 -896.0852709822053 205.98862032864554 -1 
1 -997.1248184764775 542.646619156855 -1 
1 -563.9686078391517 -402.5097148038035 -1 
1 239.4602117776194 923.8170262291746 -1 
1 -718.8588152341072 6.3902740458360086 -1 
1 -282.5975043241501 -548.6100923991844 -1 
1 -973.5043438548585 994.6642729146126 -1 
1 -964.7613879897606 -838.2432928287336 -1 
1 -666.3985685766484 12.172456288273338 -1 
1 -28.467643185681254 464.3155731368897 -1 
1 -282.7687686369894 616.1858584829545 -1 
1 -796.5366675538421 176.16088781545932 -1 
1 -101.40985584971054 388.3887757416858 -1 
1 -765.8939617042661 -267.322120603292 -1 
1 -597.2319808929199 -415.2520494970621 -1 
1 -454.47840818503516 905.809235799429 -1 
1 -471.6760572077038 732.5423108488048 -1 
1 -804.0095700235789 137.51767884907576 -1 
1 -451.2321557028313 -220.55428541932065 -1 
1 -336.82121627649883 634.8585214969405 -1 
1 -428.82196252664346 605.7011935294065 -1 
1 -257.8291230043334 225.49768502720212 -1 
1 -543.4631146107993 -114.97231727366022 -1 
1 -439.26559883897244 617.1704151640095 -1 
1 -493.9338846742317 953.6626609384648 -1 
1 -516.8785270018211 51.07565366205495 -1 
1 -331.0887108030096 514.453342276003 -1 
1 118.86323867923602 790.3236694422874 -1 
1 -957.8377430285541 304.82109916770446 -1 
1 -506.17492112304456 -4.402553410098335 -1 
1 -238.35249866013714 -566.6796855796429 -1 
1 -880.469746421829 -880.0721558865328 -1 
1 5.849591633243222 379.72863078909245 -1 
1 -97.19123498493934 35.56823348455168 -1 
1 -262.6854715538891 596.131946084806 -1 
1 -122.41568907724582 -361.76550212838447 -1 
1 -662.3084295751672 471.5063335438149 -1 
1 -818.264661345838 278.3371693162651 -1 
1 -805.6029820854142 459.7377080905021 -1 
1 -576.930437086553 -680.1721237896045 -1 
1 -191.14989523758936 -534.2390648073688 -1 
1 -177.730159928361 754.4957292904862 -1 
1 -936.6312315912915 -714.7630563309126 -1 
1 -12.680916248288781 834.0337798842461 -1 
1 -404.9716438252906 516.334312185299 -1 
1 -490.09924178315356 383.3693315818241 -1 
1 -505.27236280785786 350.97959802520836 -1 
1 -210.428098858358 288.22681871460736 -1 
1 -533.1436023220153 -289.51418801395766 -1 
1 -651.6519193241187 -0.42173232927837034 -1 
1 -811.6971487074661 -528.7439877962211 -1 
1 -262.63261333442836 -784.4970471067886 -1 
1 -977.2406057095656 508.219043541543 -1 
1 -639.7027791060411 264.47153693672067 -1 
1 -767.8736509495005 101.93046151248905 -1 
1 -506.32234916852815 636.1132833131194 -1 
1 -928.1920979423511 295.01112225528937 -1 
1 -582.2163591932465 -324.1110234388499 -1 
1 -411.6290657771084 715.7789932904368 -1 
1 -827.5219934374697 -7.589368224369537 -1 
1 -373.5484353889284 -281.67152643006216 -1 
1 -941.704955172574 -360.4993463009363 -1 
1 -847.9233672568308 862.4048417859169 -1 
1 124.80913939869288 417.5983314791422 -1 
1 -904.6912436860263 -799.2708397644423 -1 
1 -60.295743381873194 407.52385352416036 -1 
1 -367.33558573707126 610.4415063817976 -1 
1 -298.4597587061322 -773.7667887177703 -1 
1 -991.384982099224 191.64028096389848 -1 
1 -557.4334512999901 -298.84115900164124 -1 
1 -408.9847617658537 953.0917534948064 -1 
1 -530.0704962558909 118.22599270541787 -1 
1 -812.7681284529742 -702.6438677630384 -1 
1 -780.1643370841381 348.5986905468619 -1 
1 -518.3241859090832 -489.0259173992913 -1 
1 -952.6558353027934 -887.5731899184723 -1 
1 -850.8632505002495 880.9663246170494 -1 
1 -311.9273034285959 467.67584766308505 -1 
1 -225.15400529698059 516.1129409823559 -1 
1 -746.1166938559413 614.9584137959323 -1 
1 -703.8243542285563 -297.9169298462849 -1 
1 -958.8005705965738 392.1031399551175 -1 
1 -907.5136278185068 730.3235749653356 -1 
1 -302.1328015110239 -536.6191862953475 -1 
1 -981.8030035088926 -735.4334221514755 -1 
1 -345.05306228770905 -275.345487442273 -1 
1 -809.644537415666 833.4407552977993 -1 
1 -153.96268578751017 774.9793002363213 -1 
1 -739.8060810355656 706.8547249235942 -1 
1 -953.1438348978709 -433.81481958209645 -1 
1 -704.4515931237985 -572.631836922473 -1 
1 -770.0724913911464 822.7584437305773 -1 
1 36.55583255140641 692.7925210139226 -1 
1 -180.38500890860007 -455.6969281647746 -1 
1 -301.2692364856648 -446.985698462017 -1 
1 -503.2030816204367 -425.82132159679736 -1 
1 -956.7084077848823 -849.6981340375416 -1 
1 -502.771724250481 -748.0685789405953 -1 
1 -702.9893970789798 308.5964962290566 -1 
1 -237.11323116427548 -478.9804034742996 -1 
1 -455.55796513423377 354.4439522764076 -1 
1 -608.3367115186329 -768.9293655267697 -1 
1 -336.09553001743313 170.06625434803414 -1 
1 -818.5466584363428 710.6586090854555 -1 
1 173.28235681953583 927.0521960521803 -1 
1 -260.79672282736374 -785.7790835090141 -1 
1 -249.1781399479679 392.02848392458895 -1 
1 -339.18526803244276 306.4992730774811 -1 
1 -269.5803156424397 345.1308397094715 -1 
1 -823.355156943854 -853.5902712304425 -1 
1 -281.0570173468303 928.9726338059072 -1 
1 -703.6521688173162 429.3717412301844 -1 
1 -328.0357404819665 -265.7262004321906 -1 
1 -763.1713114021791 -190.0135926921481 -1 
1 -922.4850899980712 561.8789330680268 -1 
1 -375.0558113893586 -624.6184240539428 -1 
1 -261.0025712301318 814.2661560042411 -1 
1 204.98832402917878 981.856078129362 -1 
1 -892.691591693794 545.1503144442859 -1 
1 -215.53230009571735 -97.19413973471694 -1 
1 -458.31154913317073 254.8245631495938 -1 
1 -941.0309481064145 37.16704946930372 -1 
1 -749.3687943741144 886.3921905623192 -1 
1 -798.3879377419595 619.4473157819104 -1 
1 -808.6347967283334 -770.1657201046768 -1 
1 -944.1009670264183 -619.3022692434251 -1 
1 12.961605158075372 496.3070457840088 -1 
1 -89.24346650808468 891.8514729945673 -1 
1 -340.414968246423 989.8355998483337 -1 
1 -177.0428168057756 886.8002309425078 -1 
1 -432.29321854204443 501.89388489787825 -1 
1 -604.6539239499234 -260.9630409431486 -1 
1 -592.7318696366414 988.4705637419354 -1 
1 -865.858084415629 -204.7402540738293 -1 
1 171.80793090251223 990.2978778620941 -1 
1 106.46533465464881 610.4877704842756 -1 
1 -843.4800821976736 293.15728991582773 -1 
1 -714.1393164958108 952.3064046887348 -1 
1 -613.0383750636504 807.0219314488515 -1 
1 -768.7003221897398 -472.20435429746453 -1 
1 -799.8182011635822 671.63474805742 -1 
1 -669.111197388615 517.2763744844603 -1 
1 -579.0406903923272 508.29972126049415 -1 
1 -751.0886341016558 512.3895690178958 -1 
1 -763.1288630619147 -716.8323026222772 -1 
1 -650.6290943896836 289.18576604132977 -1 
1 -864.8763128677876 -490.11053002882585 -1 
1 -466.5338936537073 -635.5082669085124 -1 
1 177.92598189472642 532.6092301456681 -1 
1 -874.659572954018 -659.6143540153321 -1 
1 -775.0842671771051 522.7230295436798 -1 
1 -209.1002770957342 -445.27735207263913 -1 
1 -254.32704538957955 479.7445937963141 -1 
1 -885.6248955478289 301.48667551346534 -1 
1 -890.355083787729 506.3517172995448 -1 
1 -98.42413502126794 106.53040382670383 -1 
1 -430.18463682230345 946.4309115840415 -1 
1 -814.869684673837 -719.8839598260142 -1 
1 -184.75685708303138 259.3075214536145 -1 
1 96.8687073833255 839.9595305727623 -1 
1 -334.7767761283483 -953.3171631092634 -1 
1 -486.3883043186672 510.07277229686883 -1 
1 -265.6035425978855 -756.8003621844671 -1 
1 127.25562008046836 704.4051777576265 -1 
1 -798.1317931110524 -535.3986562506359 -1 
1 23.358318916812095 792.2595214355938 -1 
1 -307.3207572011678 363.19077332250595 -1 
1 -448.94554041729805 -375.5946882177718 -1 
1 -895.9260712559188 82.33158752268173 -1 
1 -401.7545740123261 -768.262583213393 -1 
1 -380.1988696292759 980.6784000925625 -1 
1 -893.415247065694 832.8809719608205 -1 
1 -353.99868819471703 -368.93467680676315 -1 
1 -973.2900790279341 -507.848628327954 -1 
1 -620.9921934044683 530.6770410059428 -1 
1 -697.0603390831602 520.822419260151 -1 
1 -949.8010769960417 334.7730453791678 -1 
1 -338.2558076317605 -671.6453585658221 -1 
1 -61.11927113200386 594.1775352153757 -1 
1 -290.9689231510114 -233.82752391559632 -1 
1 -237.47044958235028 474.03722125144964 -1 
1 -488.6454745705354 500.90480375815855 -1 
1 -954.2317362535123 496.31458515530585 -1 
1 -779.5887762326264 -375.38536243626254 -1 
1 -985.8566699802363 -637.479007555997 -1 
1 -73.16223972796797 218.02607030585636 -1 
1 -539.4171438316641 799.2434530211149 -1 
1 -797.3388361008562 274.4479766554839 -1 
1 -774.8895757465976 -265.0454108257403 -1 
1 -66.41398151314627 354.2422950196194 -1 
1 -594.4440803685338 621.8586744810832 -1 
1 -854.0457085501794 -83.0123392213751 -1 
1 -735.6021560630927 913.9116169732229 -1 
1 -297.76061951719043 -660.7446484570235 -1 
1 -140.5366729911724 -109.4784439684563 -1 
1 -455.8109708372266 -172.7592089612342 -1 
1 -216.21611233738258 493.0976221896078 -1 
1 -212.77714560461175 670.3970970692694 -1 
1 -805.7867307997227 368.15286004452423 -1 
1 -526.1530779667019 -965.9557605739983 -1 
1 -354.3025888618097 -641.4339399778755 -1 
1 -655.8395862716931 189.0376500993127 -1 
1 -546.6419100250305 -108.70800433026545 -1 
1 202.06953960621536 692.632511506707 -1 
1 -746.567883118375 574.618633124709 -1 
1 -762.8431512299578 -360.27935042349225 -1 
1 -961.9314467667447 -822.1518208051912 -1 
1 -243.34794264624975 887.1651290915565 -1 
1 -485.0838017684181 128.58796010567448 -1 
1 -996.0040369431103 -963.4895861159165 -1 
1 -632.0811602880966 311.9097672076937 -1 
1 -824.6555753820278 -839.4163272183602 -1 
1 -898.2035335023206 -336.254321915735 -1 
1 -539.3371108588428 -369.3912047429192 -1 
1 -524.6672739914846 804.918849358387 -1 
1 -173.94677487292063 -163.77429439962395 -1 
1 -674.4588733134635 286.8658148084935 -1 
1 -723.5066163584066 815.4707566779007 -1 
1 -832.9929156875521 840.7069758680084 -1 
1 -85.46231794971595 403.3167658443042 -1 
1 -608.7397435527196 366.04475006067787 -1 
1 -802.6237634224055 586.53837831328 -1 
1 -235.65464029088218 639.0229030714445 -1 
1 -691.2751214582287 440.351616753715 -1 
1 -495.5504820975531 173.17893355745605 -1 
1 -894.0344670406135 199.17037341343212 -1 
1 -531.6363055894327 -449.39366005412785 -1 
1 -788.531308763814 -441.00983405888337 -1 
1 -97.58012536135288 264.96086138644455 -1 
1 204.0084157958695 903.507782890332 -1 
1 -806.6989498885497 480.82356766121075 -1 
1 -529.739802247576 -13.760073619757918 -1 
1 -305.6056158189674 -205.61736644144412 -1 
1 -472.0728121763552 -390.76028259749125 -1 
1 -737.4471114975947 819.0760923234066 -1 
1 39.2942097460716 142.752754194119 -1 
1 -582.0154240537117 -493.93250940085704 -1 
1 -889.2375760756811 -276.2138315185383 -1 
1 -586.8686121166334 -526.1183065575249 -1 
1 -717.8570329311306 927.4084895689396 -1 
1 -291.2688895725198 191.61791525784383 -1 
1 -668.292380502108 -577.5515570628344 -1 
1 -411.39914608980916 615.3557110062739 -1 
1 -787.5057472330291 -366.41581077046465 -1 
1 -322.50328064749306 -900.8204274700508 -1 
1 -4.2540151857891715 942.4428983624773 -1 
1 -685.270297969033 551.0648013260818 -1 
1 -932.5247683230969 -831.7539942971492 -1 
1 -21.542920803855168 914.5556903044933 -1 
1 -997.5385212656297 50.72938502664488 -1 
1 -167.2537699433915 -355.4455494622773 -1 
1 -56.346498712299194 134.40161233064055 -1 
1 -707.7949693630243 -485.0897175181309 -1 
1 -212.4438183997811 -40.808680593375016 -1 
1 -697.0320536819547 -45.197708874754085 -1 
1 -775.6986972993246 608.4089127408145 -1 
1 -869.58682982822 -565.0388475136335 -1 
1 -658.8397864855033 -624.9166734515103 -1 
1 -837.5777328751096 -448.8849508985244 -1 
1 -447.9186134983988 -460.44935207708886 -1 
1 -841.719115501556 -748.570771716201 -1 
1 -873.7811527834237 -922.372902848691 -1 
1 -896.0851515079954 343.2942091535574 -1 
1 -197.28634396631105 -291.7002135050841 -1 
1 -386.67455164572937 458.0275153315961 -1 
1 -655.5332899745027 -779.8236031190739 -1 
1 -915.074657153601 -805.7900376572372 -1 
1 -420.94925341449766 976.8871770033527 -1 
1 -373.66104694874866 -351.1960065361104 -1 
1 -584.922315886467 -374.37376182965124 -1 
1 -486.3159603858629 457.66705143954437 -1 
1 -676.7297530275262 -452.28398563555777 -1 
1 -341.8734857212552 -623.0856784688597 -1 
1 -949.2112205789668 16.9146558828636 -1 
1 -433.55310111613426 605.867479826346 -1 
1 -249.8571114180885 -120.9388109815443 -1 
1 -661.1310204512137 -479.1883907571222 -1 
1 138.7324410550109 836.6577108349825 -1 
1 -548.410423101561 -63.94093356165877 -1 
1 -338.1297676170245 508.8406915258977 -1 
1 -421.2480054894776 -282.81836790261536 -1 
1 -131.57720209814465 625.402673248004 -1 
1 -455.2898969351097 6.411273462813597 -1 
1 -735.5783462885906 560.2854260300894 -1 
1 -280.4072790803407 -558.0686136510478 -1 
1 -389.1021115289709 -273.9606988503547 -1 
1 -304.642072310923 969.6079973268472 -1 
1 -406.3521451335272 475.90918661801743 -1 
1 -498.04479731319566 960.8743328198443 -1 
1 -476.7454040217025 103.45447925874214 -1 
1 -681.9613453235664 -581.5336377979827 -1 
1 -3.9006663191577218 59.68409569367395 -1 
1 -167.64664762581458 -143.16514203781503 -1 
1 -655.3704607340137 509.52698372847317 -1 
1 -895.5737820277154 439.8910538992586 -1 
1 -686.0285295656577 996.6328114670937 -1 
1 -681.394045404287 -50.75690786074392 -1 
1 -345.3873702180149 811.7730560158959 -1 
1 168.7162748283663 609.3956434788049 -1 
1 -533.3771921018874 -720.0045683494263 -1 
1 -294.84913730601886 588.9646055312389 -1 
1 -407.25039537213365 -841.9279309190593 -1 
1 -753.745949363579 -183.16282210762245 -1 
1 -372.6745807577174 321.9140317761646 -1 
1 -901.3659547327387 825.8937842476641 -1 
1 -386.92952811332884 -150.94460949656184 -1 
1 -327.53470403113306 811.5509985248063 -1 
1 -543.5721573875512 -532.4954799296513 -1 
1 -944.4390420952253 143.13169532271013 -1 
1 -1.7187263637703154 948.1364685359301 -1 
1 -962.0186360497055 861.743133383404 -1 
1 -843.9301692009817 146.5126680886974 -1 
1 -383.36998910935506 486.40812980720784 -1 
1 22.286464188564196 441.87134670632963 -1 
1 -907.2598795301182 -641.9576109489968 -1 
1 -873.2404641931405 -789.842332512713 -1 
1 -701.0653872351493 -963.953144715014 -1 
1 -852.4468352603102 -431.5559922591797 -1 
1 -622.7300559698913 -222.13708725561833 -1 
1 -847.6758506329274 739.0081975745309 -1 
1 -409.478238438807 668.8561802247652 -1 
1 -719.2306761115187 -348.44490325868253 -1 
1 -701.0589344909904 786.5902979081566 -1 
1 -99.16054082468452 156.39624542451566 -1 
1 -700.8088841898991 -284.60538979499324 -1 
1 -582.3137633828517 -876.8277527943496 -1 
1 -483.71935104990996 -110.29084690641878 -1 
1 -526.7155899904005 -315.6207500667698 -1 
1 -321.1709210944525 -251.5268527737701 -1 
1 -285.7472437658686 82.3793410138137 -1 
1 38.750723407785244 153.25227629369942 -1 
1 -382.4727791490061 990.4677437550918 -1 
1 -248.4505689426511 654.3044331387969 -1 
1 -988.7105631535533 -595.1393737035205 -1 
1 -892.6095770325056 268.60224233280064 -1 
1 -754.033239158291 -829.1281720253143 -1 
1 -104.00980016081144 608.2314260863332 -1 
1 -280.0297654955492 -492.64412465137946 -1 
1 -631.4806803864692 646.1749931852637 -1 
1 -348.91844997662633 -411.0913104574454 -1 
1 -12.397150506998855 676.1843352043009 -1 
1 -146.99357447481486 -163.28374782845071 -1 
1 -838.4281136382626 149.49010599289136 -1 
1 -504.8127882710319 90.58846215768062 -1 
1 -475.8340469650136 485.58727869867766 -1 
1 -506.41193417497396 -439.18251184215114 -1 
1 -734.4552868322448 13.725155505600924 -1 
1 -411.7475150289663 -737.9013559393909 -1 
1 -859.0188284458686 -260.52892417087935 -1 
1 -723.1635778461455 835.036234736026 -1 
1 -692.2309012362164 20.45166308392527 -1 
1 -198.86995252539475 79.97343711990129 -1 
1 55.600498216895176 905.8838593957282 -1 
1 -636.6728179337754 -51.1432262493488 -1 
1 -883.989765014235 841.2897519314117 -1 
1 34.011484284730386 678.2140791625179 -1 
1 -516.9252046388733 522.2224904655761 -1 
1 -773.4737892740276 798.8227404392371 -1 
1 -7.042438104261578 14.492443906992548 -1 
1 -628.4910723378239 -9.208621938737565 -1 
1 -418.45915988859974 366.3122366922687 -1 
1 -548.742139544572 -414.62825897565597 -1 
1 -504.9823400436853 368.8120938519585 -1 
1 -889.2386902224071 285.8121999178154 -1 
1 -212.8731334522056 533.3189625536322 -1 
1 -437.8805107111709 386.22692506979683 -1 
1 -139.986856344084 172.09167768793486 -1 
1 -581.2969280142876 -297.10175017633617 -1 
1 -137.933775549713 748.07661604593 -1 
1 -463.69278631792577 338.1681798659354 -1 
1 -427.6787055162266 -547.3186856363486 -1 
1 -383.6215802874451 981.4393078769938 -1 
1 -655.2715364426479 -617.8573475296846 -1 
1 -620.9478430531417 -690.6887047452219 -1 
1 -767.7947229537596 891.6431136236918 -1 
1 52.4818730362515 506.61236781519096 -1 
1 -365.28297264985315 -552.2791294955513 -1 
1 -690.7765484706574 -343.57000976034533 -1 
1 -431.3360154498953 540.5770389483482 -1 
1 -496.2794507911216 843.4211771690659 -1 
1 -959.4046218261451 -23.08888070618923 -1 
1 -529.7716833082616 703.7181966997534 -1 
1 -998.4605269878134 639.8149652479851 -1 
1 157.69383474295955 838.1226348220471 -1 
1 -453.42636582120554 470.4003635994857 -1 
1 -503.102149005208 738.1529144621102 -1 
1 -742.0232956262926 -622.486261537957 -1 
1 -761.0114652299222 22.59792941330113 -1 
1 -992.3164687733168 -52.26860579110564 -1 
1 -30.324564907320223 545.9930572627773 -1 
1 -857.2705500958828 950.370438451466 -1 
1 -168.33642440733865 402.14727688542166 -1 
1 -302.2242099045044 309.2396344161282 -1 
1 -2.571223159746296 622.9492570603752 -1 
1 -786.4017695577342 -444.3369522183092 -1 
1 69.51393116836812 672.5960724126749 -1 
1 -984.4683400436182 -154.13661641811098 -1 
1 -992.5399061932181 193.4269498769902 -1 
1 -700.2604842812145 -745.5239965406411 -1 
1 -621.9417196155352 -489.451917432375 -1 
1 -85.60974662685373 628.5534356200646 -1 
1 -288.04135758060374 147.98302869663576 -1 
1 -499.4412062511712 -771.1631017934415 -1 
1 -194.63223563883446 -140.34313418253134 -1 
1 -727.0529279067521 899.9107267575109 -1 
1 -329.4908011380385 -712.0288816009217 -1 
1 -249.32985145363705 -164.87665446252777 -1 
1 -639.2555200867523 -180.40070064254235 -1 
1 7.265573815952848 134.2659730994701 -1 
1 -495.2008246041979 713.0743435598317 -1 
1 -456.68091577712323 -757.3048999089609 -1 
1 -55.28729608816025 77.17867653541134 -1 
1 59.23493432534883 776.5487152127607 -1 
1 -256.4747148853247 191.62625365242138 -1 
1 -842.4447620363034 -609.977744532794 -1 
1 -85.11413718072663 817.2221818951596 -1 
1 -879.0598932685123 699.2851846134474 -1 
1 -279.19829536226223 749.527543844697 -1 
1 -219.02268389135577 -22.62341049122483 -1 
1 -575.3931351178164 -126.86825414529926 -1 
1 -462.90878862784393 73.71379245958565 -1 
1 -246.08158726197314 -208.82063380578063 -1 
1 137.09516474685506 437.8398945456131 -1 
1 -464.79348017796747 -811.5350080810476 -1 
1 -446.85578879637137 -577.779663479087 -1 
1 4.497290246189323 495.25001956582355 -1 
1 -230.5234585538915 222.4941214285468 -1 
1 -300.45013861911775 314.7080388487434 -1 
1 -620.606310228135 393.65382768024665 -1 
1 -682.7309448625119 471.9435494741067 -1 
1 -743.5472415949162 -814.4847395184224 -1 
1 -236.29376423309793 66.15778392798552 -1 
1 -231.19669681994264 727.752077782076 -1 
1 -278.5690442525921 318.57117424576495 -1 
1 146.86715029667448 604.9598191180771 -1 
1 -429.1690422914618 72.28901101390807 -1 
1 -134.7470108155278 -332.64529162112603 -1 
1 -321.5784238459431 -130.84218860808608 -1 
1 -868.7559090965797 312.5261745686139 -1 
1 -514.9648216762712 -806.6486222868338 -1 
1 -247.5555975100259 63.53274192237768 -1 
1 -466.20014514835714 469.849828287375 -1 
1 -586.9269460057681 -632.3655930255487 -1 
1 -448.6665860561616 -686.9866609638539 -1 
1 -968.0573311014825 -537.9431543962719 -1 
1 -105.69895710809067 -177.1994075901007 -1 
1 -244.41122138424817 -659.2868922546149 -1 
1 15.705720154321511 112.73486686049137 -1 
1 -661.9625257822131 -807.1717603967877 -1 
1 -378.7737503564375 898.2931553023452 -1 
1 -990.0726189562171 -245.60821766194465 -1 
1 -543.3395416165683 49.24869130047409 -1 
1 -991.0847866657558 284.54253254350283 -1 
1 -85.00730097390147 677.8249821927236 -1 
1 -987.312891766056 -379.7613754418752 -1 
1 -793.4860528062629 896.611565696473 -1 
1 -245.79437689964936 -151.95714989119801 -1 
1 -393.93751097884547 648.8271867051544 -1 
1 -2.467578583574209 939.0545265128278 -1 
1 -375.37302974378565 -377.308197252981 -1 
1 -863.7564110826415 -30.970881311256903 -1 
1 112.01089500217358 652.9796625742385 -1 
1 -972.4373859293165 800.41816572727 -1 
1 -819.4256304814542 245.6400775883876 -1 
1 -74.41783429060808 -137.43461561799586 -1 
1 -233.28897493661054 -209.95743663531016 -1 
1 -141.28451835886267 793.3915348867088 -1 
1 -416.2009001875448 638.337203112498 -1 
1 -709.6680578165485 -422.4927346981889 -1 
1 -982.0793104289427 -628.0248005548381 -1 
1 -597.4381462103036 -283.99833234051073 -1 
1 19.91389004253176 217.06932829136917 -1 
1 -849.923324207148 -810.5016516438984 -1 
1 218.7407655603979 826.7262816395764 -1 
1 -530.6405386308858 106.01111683819204 -1 
1 -570.0151689788756 -626.3035549537459 -1 
1 -970.5969178190433 -361.5097151770591 -1 
1 165.69003861534839 694.4459130273826 -1 
1 -158.74948631559573 -24.017156375654963 -1 
1 -19.102403606534608 736.8003871136498 -1 
1 163.42857917980064 846.0904710720572 -1 
1 -23.04323226614872 607.8635384015804 -1 
1 -510.56816888520285 161.3124332075747 -1 
1 -140.55533218804192 520.2822554228314 -1 
1 -288.1786193866553 -691.1311401980249 -1 
1 -813.1602692609248 441.455048719979 -1 
1 -218.23917717835104 -309.9763478195829 -1 
1 -914.2417435947121 713.1804664146753 -1 
1 -919.7463963635481 119.27546876976726 -1 
1 -851.1515430645127 285.52876027385605 -1 
1 -360.9906426762145 -564.9700060612773 -1 
1 -577.7191165662553 -62.449871952941976 -1 
1 -410.65255036380984 -381.6107158167182 -1 
1 -222.60564849680122 -482.9425836154811 -1 
1 -68.16063629096277 936.6661363121677 -1 
1 -710.4393855470571 -182.8481873309745 -1 
1 -815.1225210414885 265.73358831938936 -1 
1 -953.8646785683198 693.7788162205777 -1 
1 -850.7508301467557 -77.55798092201974 -1 
1 23.60730481611347 558.1824581729004 -1 
1 -396.2330642823906 700.0781068653373 -1 
1 -801.820248739428 583.437381529978 -1 
