1 958.8218994235951 -693.0586203037049 1 
1 608.9453967728473 -151.74849977339113 1 
1 687.0922505740559 557.6029356786003 1 
1 442.1389034465533 -244.60866766633603 1 
1 681.5437819271374 -66.66778941617656 1 
1 899.541306795873 99.17210802431578 1 
1 836.3699157424069 86.04368373923194 1 
1 -242.5202647517583 -906.73325496563 1 
1 379.10757105403763 -251.53774233389265 1 
1 443.6507544386204 -621.1540484306591 1 
1 575.2140067906575 789.2504059164671 1 
1 205.81803594982625 143.5431888849364 1 
1 949.9684150500473 -291.25891526704334 1 
1 529.1937612237314 769.1183862092419 1 
1 410.51163776694966 -959.9544325584247 1 
1 -469.60770774960963 156.77866245232508 -1 
1 177.49021801644926 982.1669416740779 -1 
1 -228.13922239395868 135.01065632692575 -1 
1 -896.7795064986284 523.1381082240512 -1 
1 -406.7318329120121 649.6301699785301 -1 
1 -382.60031952558757 -827.5026356880508 -1 
1 -30.595790059687033 990.2705176342952 -1 
1 -22.23588033817623 898.1552408873379 -1 
1 -585.0531607814391 -788.7632378024915 -1 
1 -424.89412480903866 -646.1704896469798 -1 
1 -457.74879343258624 322.2309812824235 -1 
1 -349.3106257346459 669.0844552600681 -1 
1 -949.057604971481 750.6475602180033 -1 
1 -72.79853833657933 569.4634432158459 -1 
1 -8.443342363757097 194.3451336361502 -1 
