1 510.69443025064015 -225.9755916182845 1 
1 774.6003103570345 72.58103467822798 1 
1 887.238419930552 566.2290706481258 1 
1 591.7944579435145 -86.84096014917804 1 
1 872.9377276809528 487.9807430171452 1 
1 364.17880510535997 -159.1544300449126 1 
1 936.2551310505219 -933.4207655680044 1 
1 848.5441882945181 -684.1865878491419 1 
1 622.1732780748275 -497.46440775999264 1 
1 693.9503496828675 -253.87145881097638 1 
1 460.9521843217651 753.0316688979522 1 
1 787.8813088709301 189.82671812938952 1 
1 158.53338686576353 261.728342147931 1 
1 833.5379449701297 677.8208338104428 1 
1 419.15324392259663 766.5494424395226 1 
1 895.6387171130737 -358.9934488529582 1 
1 797.7792182670446 814.5269109418339 1 
1 -91.03324316866656 -730.3795103940472 1 
1 546.4724349856433 -802.7552153004748 1 
1 936.306946670197 -228.51525874100378 1 
1 715.3831297265294 599.3527600398218 1 
1 348.06092472331034 693.8058140749101 1 
1 409.45068959612377 -795.3778729790513 1 
1 414.25957503355266 493.7132896473586 1 
1 905.5562256814262 -780.9804555712607 1 
1 671.602370083082 -932.4110729781862 1 
1 402.36095198034036 -950.6310874521464 1 
1 472.36093160884116 378.17151952817744 1 
1 510.5539347928077 -317.4884413333326 1 
1 949.1850381532197 -979.3078618391376 1 
1 78.63603980244397 -805.144187751215 1 
1 457.1526546355849 595.6774909628341 1 
1 750.1085868331716 -325.36008679941733 1 
1 661.8410045300875 -380.2627862316816 1 
1 770.4742285410089 -260.47579688258895 1 
1 435.02353121804094 -184.86642874824042 1 
1 688.1475874617629 757.0908727391654 1 
1 590.7014226916103 811.3153365849173 1 
1 812.2877892912309 468.0364062804124 1 
1 401.99833498940234 232.2024086553638 1 
1 171.84218905240664 230.3746013731136 1 
1 669.3107604997012 -604.5220681512798 1 
1 289.14935470463547 -217.00974921048225 1 
1 513.4559113923281 735.9617543018448 1 
1 458.280559916167 -76.08198521722193 1 
1 140.11808971282653 -237.35242808977637 1 
1 634.3264407150912 -570.339046414844 1 
1 401.0270180318498 -185.4158458297967 1 
1 551.859649734374 -663.9245770560569 1 
1 -282.4743582895111 -943.5580155314799 1 
1 704.7968253930878 -118.05786809090557 1 
1 856.9928727724414 605.3755276666218 1 
1 207.49850258729384 211.0416799718471 1 
1 -147.73072486939782 -801.0190129428888 1 
1 489.75143525450085 -277.08575665497256 1 
1 847.3716814425354 -760.5162210085521 1 
1 968.6108924728433 863.8719760733175 1 
1 745.6025493736811 -410.42562440291374 1 
1 -96.39026971700048 -514.9201118367034 1 
1 257.4402342136757 116.59394408136245 1 
1 553.761375399966 -212.39285531603673 1 
1 318.2037384368407 -905.281644716573 1 
1 514.6636797982878 -998.1668237695948 1 
1 567.7266469708777 397.73518986640715 1 
1 405.00120823797556 -682.7128952298826 1 
1 80.73867130429062 -399.57946579773386 1 
1 922.7978917018204 255.0202380714229 1 
1 986.1286132752853 94.19655037159805 1 
1 743.4001026138924 -553.1612726392226 1 
1 623.5032611283189 -139.47279403432992 1 
1 613.0603833591681 -390.54901869049775 1 
1 592.2843785759542 -92.31161379943364 1 
1 557.2561572135905 726.1327015831957 1 
1 127.3227542944228 154.54816062621103 1 
1 -16.31971484928863 -806.1564725603313 1 
1 783.4796871755821 -835.5587852522275 1 
1 389.3869165592946 -406.32165480144647 1 
1 326.30697632451074 798.3818972800025 1 
1 159.04902324520322 222.75673364272075 1 
1 211.15966777461404 523.4600378733389 1 
1 -139.75787254593934 -895.957536527299 1 
1 362.8084086408128 -916.1768777734311 1 
1 277.6114314353206 -157.294545304488 1 
1 581.4540282570094 30.78900739521532 1 
1 524.7783933908077 990.5081128203058 1 
1 680.4781736361879 -356.82467631158033 1 
1 -235.00324034903576 -771.9296594567907 1 
1 671.974688286024 889.0802711442795 1 
1 64.96037004016307 -181.64926424833754 1 
1 -69.47490490680082 -716.0529174293972 1 
1 862.6134289035012 13.276335850092778 1 
1 -109.57761616312132 -986.8215513549849 1 
1 486.54107463405717 765.644556541961 1 
1 785.4061565424845 401.2547895414723 1 
1 947.2491616333682 -364.14990228701333 1 
1 551.6116352858573 -768.3136004911821 1 
1 861.8473146551949 100.67075082903239 1 
1 734.6402689502031 917.7342470947228 1 
1 200.93884459641913 291.5800593539889 1 
1 756.3227869520902 301.19452906494234 1 
1 766.4278500656758 -636.7371526981915 1 
1 542.419118288045 35.74452286894598 1 
1 343.5156682268009 591.1606999999808 1 
1 728.0755835020705 973.517234856188 1 
1 157.4570345271436 -248.49825526404402 1 
1 465.1720453950138 -429.14422033364974 1 
1 602.3820109731685 313.7889348548217 1 
1 339.7011716294569 535.9267767017293 1 
1 260.4751610628664 -796.7876724717039 1 
1 353.4393520742167 -180.584230064439 1 
1 870.0506060987025 232.38657132684352 1 
1 434.6865636283487 286.2332267168058 1 
1 620.6901468705553 808.4362535521188 1 
1 -85.37709692829378 -767.9767512403471 1 
1 -236.34850781847342 -736.6022693464394 1 
1 732.9077204188259 902.7800748677573 1 
1 -199.72342075711435 -814.4470886494229 1 
1 182.03704811260013 -273.14104890653323 1 
1 274.5550292245432 -296.610714466534 1 
1 306.26130046906883 639.5195956935956 1 
1 611.5375059159035 771.5993627379285 1 
1 -67.88700742076583 -535.1341593840248 1 
1 63.95401456896457 109.44851033915006 1 
1 403.10040038448824 -536.0990425404605 1 
1 674.09489116432 -583.2356667421528 1 
1 -86.71518368388922 -568.8016582163204 1 
1 349.48248661945513 463.83735579011955 1 
1 435.1637062001985 -934.6016301564132 1 
1 895.5670699349077 -60.060165834857 1 
1 65.50527669583721 -931.5291687163111 1 
1 155.50678823457793 353.7298051413941 1 
1 925.6016741374654 349.40313826795386 1 
1 176.88238663392212 -194.87080097044384 1 
1 34.628226802727795 -520.9208584564572 1 
1 774.4765160648899 -369.756059578678 1 
1 732.2875849239742 -728.3896338506557 1 
1 908.1450775188498 -980.038415984059 1 
1 80.7680658313484 76.4687865919193 1 
1 555.7597663434544 -28.862156802171512 1 
1 588.7167727891101 647.4822960688043 1 
1 250.74215588121706 -202.4420398898386 1 
1 340.82988323632185 675.2693433980371 1 
1 575.9528291115137 852.9504189929871 1 
1 258.3065050633443 -609.9925386065875 1 
1 385.3901739046121 -360.45168657228123 1 
1 992.9766562340778 -77.8259374612893 1 
1 879.1534772408115 -637.3404811025355 1 
1 870.7223299148322 -36.06589645668919 1 
1 60.68205614879935 -469.3513639632216 1 
1 844.938413084825 876.4291435066248 1 
1 742.6915959649214 451.3449705658086 1 
1 619.1030441590651 -596.123651513685 1 
1 -86.76103075342587 -697.6138371152689 1 
1 925.9310935695669 -302.46685712198155 1 
1 915.0572855879941 -590.7495966303688 1 
1 766.7830387316778 969.583718419542 1 
1 708.9973168441145 -208.83513210342176 1 
1 577.5170614550477 553.9019753895741 1 
1 -64.65068411589414 -883.351863247066 1 
1 688.2262195173998 -283.65017672650254 1 
1 -237.1416659011055 -787.6547149760258 1 
1 311.6742535907856 486.7147555712477 1 
1 20.997817931076042 -633.0953780321131 1 
1 519.9789059046154 -67.93435858460043 1 
1 932.0062162712325 175.39280595092828 1 
1 238.11439948933594 -636.4377540464434 1 
1 634.0883363121416 -503.76932011251927 1 
1 721.7033299787443 153.35900855384148 1 
1 648.5701315532867 76.59946988971751 1 
1 -45.0395523466226 -991.1760167773524 1 
1 386.8941375035081 585.7639969376833 1 
1 975.91749376486 -960.1790829476704 1 
1 233.26203267848223 597.2297026539359 1 
1 742.7163344684197 772.8722583986296 1 
1 857.5271786521917 -243.59202876280222 1 
1 9.005424743647382 -316.42874523602404 1 
1 295.09606082382106 -752.0772483144221 1 
1 518.4114219860462 934.8922663284968 1 
1 -19.9984995262364 -889.6089384799177 1 
1 312.4066446454908 -130.09943754447545 1 
1 211.71392619688663 -161.28326633991287 1 
1 312.25129985177887 -98.29018382223637 1 
1 324.6797651312804 809.5113892269505 1 
1 136.76801614900046 -818.1629341569045 1 
1 84.39579806429674 104.92563781948797 1 
1 828.9651926052798 -448.6459993196081 1 
1 670.9626005663615 988.1817220483483 1 
1 340.9214902487465 412.78604267671494 1 
1 408.7373188349618 -824.4952010731939 1 
1 154.74588636515546 -798.1506697524554 1 
1 847.9844744978066 -187.87205489769815 1 
1 895.6273722642127 -338.0265625336208 1 
1 -1.3877572523396111 -727.2725720357313 1 
1 702.7602397939511 270.0699036826261 1 
1 8.409737606879048 -229.62833213678846 1 
1 796.7836515869228 557.8320652172417 1 
1 169.40567597960717 -305.45529656337806 1 
1 482.03561898985595 592.1571523153257 1 
1 -112.83529575243381 -457.337914107134 1 
1 312.5577818132351 -374.1083251129802 1 
1 92.06821950887456 -119.26581488183206 1 
1 330.02618207859564 -804.4295382336942 1 
1 296.9606722126414 -66.23173415981455 1 
1 811.7923472982727 37.337821618518774 1 
1 611.7907316714695 413.3715966972038 1 
1 292.5764815050113 -63.57220854402908 1 
1 441.1978083428071 -130.04350689487865 1 
1 738.2246282856775 900.5283777627255 1 
1 279.9561338829228 739.4957356443317 1 
1 194.57171897278045 -702.0225635693334 1 
1 309.75851712472536 -28.088538285848358 1 
1 704.5860081386327 -888.4919301078338 1 
1 -13.772826115562339 -846.1456083671678 1 
1 -98.38762420108253 -461.3347504693062 1 
1 385.62869005305515 -213.90320371734276 1 
1 612.7436890290828 659.5669365923504 1 
1 225.2766717283987 247.49100635001219 1 
1 813.250985452527 -580.6288478956938 1 
1 942.0204082420605 45.098835024329674 1 
1 814.790469054614 -518.5739865306089 1 
1 631.8849327761834 679.3495123245712 1 
1 489.51615559255924 407.70945228123014 1 
1 426.2705354812863 667.6291622909814 1 
1 993.8906855972905 -892.109467683809 1 
1 734.0069307475655 -242.19487833311837 1 
1 80.12626112091084 -744.5324477936101 1 
1 613.4625006636531 -565.4232100962874 1 
1 446.71604782928307 -37.8215932455829 1 
1 -309.83797948846745 -948.1304263617158 1 
1 520.7142173262666 672.2211835464168 1 
1 595.5535383295544 823.5376038725012 1 
1 698.0950400737486 230.75047737555315 1 
1 740.889235707966 242.7534468967142 1 
1 329.84355809303906 577.9943249111207 1 
1 246.127183094869 -6.807359685836786 1 
1 164.1427237830692 25.84344661152568 1 
1 -92.41934389291953 -349.80409659283373 1 
1 150.57558694213867 -373.64775571878897 1 
1 430.3730834384453 -208.13363368093087 1 
1 452.110758728644 -43.27001213273502 1 
1 906.2453991247139 -670.7271811163585 1 
1 747.4288628700092 519.5863117422457 1 
1 421.52640668162894 -18.7330603994385 1 
1 722.5024591180268 -630.2089597683603 1 
1 760.0304127336703 481.10145282225653 1 
1 423.1886240861611 374.7688141455585 1 
1 571.9796054733476 676.699222641885 1 
1 350.52263324017895 -650.8703526139905 1 
1 899.3127651569432 -929.2259219399257 1 
1 522.293506021766 -581.1538707212154 1 
1 505.30180987525796 -677.5750235433705 1 
1 350.614502981274 530.4200565709891 1 
1 741.0986513015628 591.683889414029 1 
1 311.13471171351216 -106.520544302492 1 
1 171.2636483561273 -66.243891734631 1 
1 231.85360649977088 -783.0518692493204 1 
1 646.1777265094679 129.51186054537402 1 
1 476.717845989956 555.8249001257645 1 
1 557.7801970980211 400.4287963826541 1 
1 690.3389758707324 -63.914496611314576 1 
1 512.9222448662892 684.0644322386531 1 
1 466.1214822701422 -751.2329319805585 1 
1 213.37855004764606 331.3915871144893 1 
1 498.84865804792366 -746.6080184048272 1 
1 953.0019587384852 -360.69620417545786 1 
1 -85.7241360475216 -720.6869438822454 1 
1 191.97943943585346 530.7923042688531 1 
1 659.7999270973878 230.34736025503844 1 
1 882.6442959129704 51.514533726924356 1 
1 -249.6691055056275 -933.3957996971876 1 
1 808.0362038970725 750.2535221686053 1 
1 -117.69802114237177 -470.38314443352317 1 
1 716.211483225733 726.4391790444486 1 
1 654.6585395118084 360.8334222006615 1 
1 482.94229661789564 -514.5178646476684 1 
1 368.0973690621645 -975.499407086934 1 
1 -262.1341679301356 -827.0980876513352 1 
1 254.85272684646065 -1.2059410069005025 1 
1 -130.74715525544661 -712.3873859553187 1 
1 412.5998376411119 628.5697671738758 1 
1 446.7319678783613 118.54269436040136 1 
1 741.4925431851702 -817.3309985104995 1 
1 218.95482842656816 -514.2898157495216 1 
1 745.7136031182788 -555.0033472477915 1 
1 205.2932929238873 -94.89352884186076 1 
1 374.4527773266052 159.71669053345227 1 
1 251.15949660985711 388.3083823201682 1 
1 801.544852555402 258.3587479267917 1 
1 131.28457891829862 -70.89657018319997 1 
1 -250.81796030237354 -804.7566736947056 1 
1 528.0231313833722 237.45418151335002 1 
1 81.4861298419437 -964.3072926357598 1 
1 220.4231000698055 -630.1189523448854 1 
1 615.1565143062924 -795.6868564242716 1 
1 21.781585680822673 -676.8153587568331 1 
1 763.2377184266156 -61.787217605454885 1 
1 818.2615524192965 957.6121210267611 1 
1 371.6128772653226 -840.6693235681146 1 
1 430.13276035564627 744.3871982179626 1 
1 701.3681003130562 232.62248024259134 1 
1 226.7344372143325 -199.0327033419087 1 
1 715.6052544356164 241.68314593329842 1 
1 694.0355049592613 205.19474423281576 1 
1 263.23718428382335 -267.5973668186431 1 
1 160.06036790769826 -441.7891608611661 1 
1 469.5829675732 -559.8794592140705 1 
1 155.03474597228592 120.33044934022269 1 
1 486.8726336480115 865.4885631771374 1 
1 203.95064075315827 258.8437722757153 1 
1 932.081335765422 874.5286335171945 1 
1 458.303919770442 630.6867831715535 1 
1 794.4966129240934 -821.6513815914966 1 
1 -103.2983878556579 -374.0406960260192 1 
1 502.827201047573 -953.3485789014172 1 
1 -104.26580701852379 -986.8584713998631 1 
1 122.33080901000721 -11.87187269943081 1 
1 -29.58915392689312 -570.0431293844546 1 
1 365.1091662050303 136.48107524479929 1 
1 302.3992676449393 389.5045311851304 1 
1 21.234036109637145 -556.1284297401874 1 
1 974.7986505068973 -551.4280522193972 1 
1 476.1232437117146 -444.8355143294692 1 
1 -46.19999769405047 -868.1542506320627 1 
1 532.2823902059042 -608.2401009680405 1 
1 118.76150456548316 305.1783331302088 1 
1 642.8031190568827 417.4608897075434 1 
1 492.76238778614606 -631.3183495722578 1 
1 247.68382097808285 -198.81240741912927 1 
1 693.9910857916614 878.8158865084458 1 
1 688.9221185758938 68.26320460715965 1 
1 875.622763890153 -912.5400484509327 1 
1 386.0482295531076 -441.55792021334616 1 
1 562.2567639949807 -280.3994892908165 1 
1 448.1805600257251 -632.3742518940992 1 
1 681.7253842676457 267.24897635461093 1 
1 457.58248318117194 -613.3381909672528 1 
1 407.7053592648397 -742.2545416460052 1 
1 859.72189015919 -204.75040993679067 1 
1 104.80689478976342 -647.7370241304151 1 
1 702.5822156153733 817.3567495119132 1 
1 936.9621198222644 -74.1514048412788 1 
1 111.97436629628805 -469.68307149882514 1 
1 374.56791706822173 -31.497651469031894 1 
1 971.6098673373599 -727.5267793458083 1 
1 628.1832364298411 -589.672818842798 1 
1 -202.17663607062195 -851.6633240498397 1 
1 598.1144803564439 -427.57802432342476 1 
1 193.83065829948828 -719.1416652697834 1 
1 941.1550692714877 553.9161698984442 1 
1 81.67568706998645 -308.9182594098801 1 
1 747.9209936961072 -156.33807337989174 1 
1 877.4716698324846 560.1860939168309 1 
1 498.90432059422506 -481.5906210033679 1 
1 148.0376789121242 -612.0047305392444 1 
1 191.84270790510072 -739.5894919559801 1 
1 721.7862722300704 480.12978263238915 1 
1 904.4834885359578 665.061559274711 1 
1 498.42101673844854 583.2371566944407 1 
1 930.168493762794 846.0909344826098 1 
1 179.83637080689573 -263.51269848350944 1 
1 882.95291540114 235.57665936868557 1 
1 916.4984218686827 488.0103648010195 1 
1 -267.70901377870655 -936.5915672726784 1 
1 104.93117883913715 91.13592573824872 1 
1 531.5033526175077 671.4165592714485 1 
1 -72.72236050953552 -431.30253486421236 1 
1 304.9402895887072 354.4417735283671 1 
1 -34.83234912151022 -570.4435941366971 1 
1 -295.17459799667097 -953.734338720264 1 
1 576.1330656672746 -989.5508748278348 1 
1 -14.104170156851296 -807.3605410336198 1 
1 933.0465601038507 268.87685325617144 1 
1 833.2668521800117 -508.6027063821188 1 
1 699.4926657958683 155.66066601263128 1 
1 308.73325022774156 281.6602381459513 1 
1 609.1077538108589 -628.9656923887921 1 
1 876.4008123978031 224.99565146093755 1 
1 -96.81549900437847 -614.6465885644745 1 
1 213.94458647814145 -677.2443210735294 1 
1 601.8766120880055 -556.127402510306 1 
1 957.239591324306 344.0356231657654 1 
1 971.6853914796516 278.69209689700574 1 
1 408.727142336372 -82.89535714715726 1 
1 885.6257302036227 -493.22864657085023 1 
1 31.171362677665456 -856.1674343126982 1 
1 546.1086374058032 -477.8120200073631 1 
1 670.9398396174613 -135.1941931838178 1 
1 577.0531329301659 -61.493536373911525 1 
1 895.3138860793658 -622.0326305910953 1 
1 728.2547944997923 -956.1426787785203 1 
1 532.6258410003227 -618.7349622177355 1 
1 734.0452541473965 486.0534947415124 1 
1 641.8903077261218 -93.51430150946464 1 
1 978.195789574203 380.78761232025886 1 
1 288.4695368043049 -244.7122613474553 1 
1 -130.95815493176292 -445.9656336735952 1 
1 97.57289433937353 -251.94647199186318 1 
1 97.58582816990088 -41.96338339782699 1 
1 -118.28598388350508 -928.818282895038 1 
1 991.3556249532794 -682.3390156254945 1 
1 825.5346068960232 -421.1350761187009 1 
1 -203.28100137191336 -648.1550402365413 1 
1 163.15658275811188 -357.79552537337645 1 
1 303.21262498086094 232.19926845514965 1 
1 438.107742320469 812.0400021837208 1 
1 666.1787096454477 -981.439822153651 1 
1 -213.7672335358203 -967.0972879184867 1 
1 140.99854534886322 49.676063117348576 1 
1 228.19338476135204 -443.3264180000175 1 
1 814.0537973558469 -915.1103901859124 1 
1 854.5486617290162 17.974623265452124 1 
1 469.97245643296696 -351.98582297663893 1 
1 -110.40380631380594 -808.9360914559111 1 
1 756.4406607514868 -20.098854952959414 1 
1 443.3812397834781 656.5980003781433 1 
1 938.037810250963 -46.16764605801609 1 
1 271.21876743827875 -956.2420755109973 1 
1 120.68754711373731 278.5916249559448 1 
1 3.9547214233083423 -557.3233460157874 1 
1 832.8305326718446 118.95856799653598 1 
1 894.7712307718539 -861.6707079315686 1 
1 411.6693000215955 -444.39395080614224 1 
1 185.65235247814508 128.05143720643446 1 
1 201.96665988384393 -164.0737449693911 1 
1 940.8047641259589 358.35797169188754 1 
1 549.2451270168333 788.2929483139262 1 
1 473.1935818659772 271.9015916818853 1 
1 537.275832114839 -680.6716792517686 1 
1 397.5786552842103 -942.4225666156215 1 
1 946.3540036198558 953.1890630480545 1 
1 235.25100959305087 590.8980497346413 1 
1 172.02520985375418 -984.8687909002207 1 
1 154.55417522197422 -330.27989294250574 1 
1 535.1868070355415 -969.0720210841109 1 
1 313.307293871761 -78.11647526889453 1 
1 -126.43895833879037 -457.4975395815951 1 
1 760.6271173393188 -25.819720892884902 1 
1 414.20722482436804 482.0843072323644 1 
1 571.7736869927976 -735.5288831763498 1 
1 518.8882531124545 -856.354830569575 1 
1 922.4135730160417 -729.1244044264572 1 
1 286.7424413362046 400.0298785174707 1 
1 614.3579419958351 -505.681276198732 1 
1 868.8607527979511 11.393773334549337 1 
1 914.9962431653842 -848.9540265455819 1 
1 756.7311268081789 707.4819072122054 1 
1 913.775310029069 -135.52099944009979 1 
1 663.6718268852219 290.2554504205207 1 
1 418.44517284608014 223.4976217961946 1 
1 -51.60880143875556 -789.7773220748987 1 
1 295.83314425279787 -779.2018415789923 1 
1 266.1352132517611 -770.7773899963408 1 
1 452.3197882868285 -931.3182418507122 1 
1 646.9756877517975 882.6183458938774 1 
1 941.9891792667313 966.3102776341316 1 
1 949.5108122858057 802.2108557947104 1 
1 893.7977430562053 468.5084920757977 1 
1 559.0877010352028 -23.725370910591096 1 
1 -196.13958095766054 -677.943020142407 1 
1 988.0207052185497 934.911167940239 1 
1 89.52634391327638 -60.87024464883871 1 
1 403.22409049369776 611.1459641506322 1 
1 116.30766952732665 -355.91192361638423 1 
1 284.62876478907947 471.8320024723307 1 
1 169.26308694189356 -109.48015513751909 1 
1 849.0514808521041 481.2648973875753 1 
1 190.0452604076154 -385.4190836069862 1 
1 728.9621387170589 806.2549725375377 1 
1 268.50538317003975 -414.41200435047574 1 
1 489.9576722401839 -158.20271156416402 1 
1 990.1105488645776 882.2838386961632 1 
1 -36.479542954843055 -488.7708818197276 1 
1 855.6428288147658 -362.9762513523482 1 
1 441.0705113554641 -450.964395194089 1 
1 822.1185084481385 704.7912785444034 1 
1 963.3793239481556 -396.44636140216994 1 
1 639.203826192454 -104.9995000378517 1 
1 163.01814561486685 -478.7515331094364 1 
1 743.5617597218352 -635.2735259983039 1 
1 63.88639987109377 -661.4659220150514 1 
1 576.3137425842276 -334.4101974229038 1 
1 237.61788422571817 264.0758834121584 1 
1 718.1850384452607 656.3801403349448 1 
1 703.4879033782486 -781.9521327340399 1 
1 -28.406004832635404 -340.7908639716528 1 
1 523.6388203673507 749.4903447594775 1 
1 328.6908713693954 -204.9991020261657 1 
1 179.12775733869012 191.95694115883384 1 
1 44.98794519811986 93.17538868078759 1 
1 747.0610802730027 401.956909352868 1 
1 422.61983198650773 -7.2319313076075105 1 
1 331.3689631061029 -871.1412267553287 1 
1 901.4048974247385 -484.34403513209907 1 
1 652.5640299358377 -552.9357880273569 1 
1 337.03357674833956 400.0676966564463 1 
1 788.7910436407637 -672.5515157268353 1 
1 58.57558314019661 -902.7683927533157 1 
1 233.48995862505922 577.3514423820891 1 
1 949.4221084449207 -105.48017153740057 1 
1 739.8211180794224 852.38202459897 1 
1 848.8980082571422 906.9505974146462 1 
1 507.77939352772 -765.1516381771393 1 
1 486.1411284708088 9.070462666629737 1 
1 728.2276742836248 -409.2452424750645 1 
1 -129.00910112797123 -890.1918956311551 1 
1 604.4405808400036 -211.60870489277 1 
1 807.0797310351061 561.9306135289487 1 
1 852.186572282548 595.4631619476611 1 
1 190.06015419872188 -420.1552110400156 1 
1 -65.48464252188592 -573.1240254304378 1 
1 985.4782960503085 6.784073828221153 1 
1 552.8813584072261 836.5052323944151 1 
1 21.007598353701155 -625.547606797033 1 
1 308.0748715214645 65.26615169836828 1 
1 393.0570766825808 -156.0895472122544 1 
1 270.5711499315478 712.3160349605441 1 
1 768.7492528860321 -380.1252171236197 1 
1 810.9605576112442 -62.458232700684675 1 
1 476.7265195375703 -27.35586316704257 1 
1 54.06978128641367 -244.78572808916056 1 
1 508.89563725362495 347.8778704941785 1 
1 663.5234817382757 -440.69385914989346 1 
1 110.36315432096876 108.33764524354979 1 
1 72.58510763731533 160.34992360853266 1 
1 715.773313725892 -326.0906848566939 1 
1 25.771139919968164 -543.9200520576574 1 
1 559.0446070811831 -518.7563099643869 1 
1 707.1370149059305 745.1585674214389 1 
1 555.78494782757 844.1706983908584 1 
1 274.0446808364127 -746.9306571901872 1 
1 955.5794791140033 -431.7188402144976 1 
1 99.49382921205756 -142.00104185603857 1 
1 328.14433566566186 620.6244849427876 1 
1 572.1028308502284 -854.430152453896 1 
1 743.4254118817016 -105.66191364367114 1 
1 977.8909250812937 -948.8733001899642 1 
1 238.7093920331106 -810.3458513792892 1 
1 536.0571499027717 -89.85948762231033 1 
1 691.0390638208769 -413.8512736456536 1 
1 -89.17934444105265 -484.8361402845958 1 
1 699.294350056143 961.8597646791648 1 
1 777.1549699339557 631.1188386071733 1 
1 367.4093567153052 153.13451462155012 1 
1 85.3466479821102 -532.3198660658006 1 
1 68.75900109344661 -104.95167262683287 1 
1 813.505317105713 519.813757995905 1 
1 777.802837708299 -30.65030393094196 1 
1 283.10271395969835 690.9200205391087 1 
1 690.6469658266137 -73.90973351810771 1 
1 303.1503728305845 767.1449014295924 1 
1 129.87019589719148 -779.6189380126549 1 
1 181.98010824552853 322.87356625584084 1 
1 803.7415271121172 -382.0611545109342 1 
1 6.4539557592351 -579.4716967689426 1 
1 543.6253283273222 -194.86484160958298 1 
1 280.2007148169839 -525.5326029713458 1 
1 914.6199526180651 366.7791128715321 1 
1 308.35110544512554 39.76180141496184 1 
1 448.50341335419444 203.45701049149943 1 
1 75.24937705328307 13.365123297332389 1 
1 851.8822768181126 753.7587458934713 1 
1 378.58410597066813 144.2979554760975 1 
1 311.8889775210084 477.8900861570876 1 
1 685.8143835968199 -718.3459961859327 1 
1 698.7549383636288 -146.16703150559283 1 
1 -192.13211562317815 -928.4741322990535 1 
1 834.6752014577578 187.1503694004523 1 
1 164.32678000025976 -560.7908614357832 1 
1 859.3872750314729 726.5698769562432 1 
1 799.3417396708203 993.2963362413675 1 
1 826.4516867179666 942.2128166559571 1 
1 252.4354670906912 -368.2144784694483 1 
1 -290.4499754157408 -972.4118255373189 1 
1 810.922281984773 737.4513339267053 1 
1 79.91119842790295 -187.70476857108872 1 
1 269.7549847723051 -494.4085867040113 1 
1 606.1930583627402 -841.6529114810363 1 
1 937.1126870631022 -987.1637375147225 1 
1 97.5423464316682 -735.4612426948374 1 
1 981.2025998940412 44.14624915677359 1 
1 901.4942185608422 -839.0896287032288 1 
1 522.4848157056608 62.766244056567984 1 
1 359.41960674215125 118.51836305640768 1 
1 -11.912001511783046 -951.5079831916586 1 
1 550.8284884483332 -848.8077895789796 1 
1 548.0503924319237 -266.72950467540363 1 
1 971.1079064608534 -809.1171762323945 1 
1 715.402462574544 -874.8747032899319 1 
1 -160.05601687968237 -883.8763884555949 1 
1 398.7466248045298 265.14654712145557 1 
1 624.5035552532886 775.6398015676823 1 
1 223.43524333913206 662.7391191585173 1 
1 381.18602120983473 32.67029155738601 1 
1 571.7815244180965 693.0580821345573 1 
1 667.9302460847264 691.0151555991215 1 
1 893.9466573909949 294.13269238999374 1 
1 419.90378610871517 347.4040096950728 1 
1 985.503372884838 -972.2498733787816 1 
1 528.1556311736119 751.1534941296179 1 
1 567.7896290000567 822.2535981887829 1 
1 93.67348947087203 -444.7205787266796 1 
1 46.78109160965846 -638.8573790582132 1 
1 451.69231297512556 -970.5101809370784 1 
1 699.1811881482586 850.6020087449156 1 
1 331.08729581724265 85.96489852366949 1 
1 664.9360446501066 512.1522312432273 1 
1 823.2402328729193 -839.1393511808151 1 
1 885.5577457113359 468.7332335804915 1 
1 877.6849954601089 -981.6560552022164 1 
1 612.3564219894915 -475.7874254498222 1 
1 378.5386180687228 860.4204016634417 1 
1 305.960273754481 -925.7860840993175 1 
1 491.23154715525015 927.9406834390913 1 
1 289.6050688864748 460.6703197258437 1 
1 236.25131300560906 -736.81591317226 1 
1 987.6997417167629 889.9166753696195 1 
1 894.7793255004995 517.1315178850693 1 
1 651.3483852561662 -359.9898043577143 1 
1 661.4944952371723 -518.5422205871615 1 
1 100.18445730311782 -166.95872472317853 1 
1 -226.16225189607678 -871.1901078960907 1 
1 650.490620047598 -881.1887596632688 1 
1 556.0875823648521 423.6885206046145 1 
1 452.0689677394039 942.407487915329 1 
1 -140.46799871122937 -995.9236862743547 1 
1 732.981556300789 -931.6879732505429 1 
1 950.4312085366762 883.3395903969101 1 
1 908.7483156005196 -543.2929837470981 1 
1 570.312198720841 546.0414822450236 1 
1 296.2279948283667 477.471878894507 1 
1 757.2033948448252 355.5334019511831 1 
1 893.8467421443422 -736.6044260612252 1 
1 663.7916382673245 -478.99664828328866 1 
1 601.0446590830493 -810.3588242552166 1 
1 438.10006995287563 -192.1017241126117 1 
1 -128.692425290762 -717.0518213173305 1 
1 -293.2448303178105 -988.5433077579862 1 
1 748.9016304645463 -711.7937295231118 1 
1 366.1803139616952 -283.72164474310534 1 
1 757.7688798417958 -621.8221655767181 1 
1 -12.637014693661627 -871.6363237115354 1 
1 926.6580100950835 -251.63773349639075 1 
1 21.48870552437893 45.2279116022105 1 
1 845.4042313359614 -408.6464913111621 1 
1 731.9036515608757 -371.51674379086046 1 
1 332.2436022256843 305.51079143566585 1 
1 660.5610577359928 -838.2037488565273 1 
1 988.4016194735298 340.6436106705464 1 
1 943.0908099391077 297.23755452199975 1 
1 263.1763851042226 187.43880002158767 1 
1 373.05599705345185 -532.4267170508524 1 
1 -88.76690720204078 -979.4051342157221 1 
1 102.01804323642364 -624.0844352368508 1 
1 742.7812750461142 176.44429006264727 1 
1 726.1333302821361 -401.20041473630454 1 
1 662.7818320686458 387.3950092609741 1 
1 820.3024487751345 -897.5298111864989 1 
1 856.0790383517392 -613.7551188334776 1 
1 767.5081413681446 -53.85533122061349 1 
1 969.585102750033 911.3021078456406 1 
1 400.46656191514126 -448.10673756762435 1 
1 731.9454397195436 -415.56665175754665 1 
1 427.7841085779887 762.5839112700855 1 
1 645.6132386563634 824.5179444511737 1 
1 -123.188077063415 -796.1461262822966 1 
1 402.8971967860691 -330.84176564893596 1 
1 389.2597862879916 259.6119389573955 1 
1 792.0794647451728 -340.22761355410205 1 
1 529.7344295120597 -383.3660846885384 1 
1 533.149588224655 -948.1986323506875 1 
1 835.0130070826863 -257.0022884531845 1 
1 350.43165830902126 397.52319649078913 1 
1 946.4653443125669 -762.9865863153892 1 
1 333.23856328227816 521.0897646389944 1 
1 678.1532242834205 -917.1858370599737 1 
1 963.6886810181672 -361.61162037018426 1 
1 748.7172429996924 399.8334837948057 1 
1 -164.48156572351206 -502.24961342198463 1 
1 260.2522944756661 106.5664269609997 1 
1 733.5762053133851 -262.3934866650683 1 
1 577.264353159263 950.4391377233712 1 
1 237.7383946219768 -583.4953554617534 1 
1 523.6665333834346 -148.3017181172637 1 
1 467.066783371022 -552.8801499663609 1 
1 985.3426847313833 -60.44212604308359 1 
1 -11.5923172478889 -240.59499551704766 1 
1 397.36656737111707 174.46881584740527 1 
1 954.5342073105148 162.18649873442564 1 
1 237.36181833165642 -990.3754110809816 1 
1 161.15502815883997 310.9600205978818 1 
1 733.7078492044859 -335.3706485239243 1 
1 245.68460130854896 -64.42502490982633 1 
1 599.1556478164259 975.1166767010466 1 
1 -145.5070069970766 -915.9800371262713 1 
1 396.2062821688278 -377.2272686572037 1 
1 957.255938947083 379.89830190367275 1 
1 479.86266370217004 290.34050900600914 1 
1 457.0378231333684 89.51629098635021 1 
1 657.1887758497369 -903.7726555743261 1 
1 433.40862021875773 -344.5423210401077 1 
1 198.46674115772657 234.6007373380544 1 
1 705.185860708355 677.6452113898979 1 
1 408.95881325402866 143.51304839887507 1 
1 66.90019050697038 -188.969721179977 1 
1 341.4737855922797 836.2839921378079 1 
1 -70.70191223385348 -829.383574700129 1 
1 78.15611531798345 -767.2341075341751 1 
1 998.6353499156492 49.686889053606365 1 
1 43.314995909038316 -863.2216574931895 1 
1 885.2091169709042 -612.1932285472419 1 
1 245.8445690056708 -678.5699929019112 1 
1 496.9480322615768 -834.7870473077188 1 
1 157.2207615546863 -896.7731214246452 1 
1 542.7322988225424 -431.5994515514791 1 
1 299.09539830483254 -952.8311114050666 1 
1 477.6121521366922 -404.3249576930789 1 
1 740.5957829526124 438.5193225987223 1 
1 937.3856663757595 -555.6277737422322 1 
1 170.4400104723436 -437.35832138358717 1 
1 656.3384572380023 978.7216377281595 1 
1 -77.62287130267066 -896.4244941273505 1 
1 56.41280273692132 -71.29551908539543 1 
1 729.4618351235802 -903.500719690756 1 
1 -77.11156231741938 -300.2331484161924 1 
1 294.6561500090463 538.8724673929567 1 
1 848.0582792610751 -836.9742615924531 1 
1 -24.281567406646445 -365.26592265317333 1 
1 624.9746066506862 303.6014604850984 1 
1 -117.54302279391402 -432.99807474205886 1 
1 957.1971214144239 -193.06515878575874 1 
1 -300.20565769252244 -946.3388602074227 1 
1 395.2857980486067 -788.4257973931011 1 
1 730.3151722627342 905.9292568400965 1 
1 -30.65806578825459 -706.8266562900551 1 
1 987.0785942727362 -568.7306032218285 1 
1 830.0830269643739 459.6398758210737 1 
1 467.7021718450228 -969.7805705150058 1 
1 705.057405704388 866.2006123864928 1 
1 346.8146623350324 291.99043563595365 1 
1 153.22506014232204 -605.4556793108047 1 
1 797.9735502053286 -330.9539040389576 1 
1 20.146454033966734 -693.6774803490257 1 
1 771.0461308013087 76.95490390300711 1 
1 293.1120427033302 -690.4681194578106 1 
1 80.57040376653981 -973.3965478884381 1 
1 332.84310119801535 840.8119458630276 1 
1 67.25587494164529 -973.1720820168189 1 
1 830.3286068013172 -147.838241705752 1 
1 504.00677523986565 -846.1880070691599 1 
1 548.8456247416004 945.445964711013 1 
1 920.4654816707762 649.8589902194337 1 
1 472.75715865226084 333.2141657629513 1 
1 900.0919590065016 653.8626067222692 1 
1 918.0820539370256 533.582682864482 1 
1 837.4274734304629 -627.2058745241425 1 
1 438.61599820394645 -594.0920701624195 1 
1 706.5434886371481 -950.2281981965141 1 
1 737.4235297750076 55.3782380553796 1 
1 597.6408343469391 214.5604709867439 1 
1 879.1423244353841 -959.6651397763275 1 
1 167.85498740059757 352.9012779136481 1 
1 246.42392782757292 -797.7052895239058 1 
1 740.3937861789284 -540.9251612391589 1 
1 52.25598276977371 66.17976613379938 1 
1 -76.34370180814676 -980.765752803942 1 
1 409.48791733547705 743.7808938270127 1 
1 619.0978423717108 838.8566415117655 1 
1 376.23406911250004 -787.1118145403326 1 
1 197.34076138577962 -723.2461009850508 1 
1 945.9087375680733 932.6700137317878 1 
1 353.9955815768178 -204.52385521495353 1 
1 468.6047189289841 21.33153748045231 1 
1 616.1733013503338 75.00713314338896 1 
1 -127.59838370836042 -479.93902843285457 1 
1 556.933287284573 -973.3938403392935 1 
1 154.1240544901591 -762.511260554175 1 
1 110.8627999447815 -257.8769281718115 1 
1 433.26073732720397 479.09088722621755 1 
1 211.52321632971803 -530.5597791890461 1 
1 437.24146548435124 679.5645270171076 1 
1 832.1305240358674 -862.5056527499244 1 
1 227.10909012203797 20.43942322677708 1 
1 443.191529657287 -530.8109416104708 1 
1 227.60551384150858 15.054380668249792 1 
1 277.3413974428181 667.6529142786558 1 
1 851.5347927608129 -348.36478987760995 1 
1 514.8338921839402 406.7640464669214 1 
1 12.63282489285234 -472.0932003671388 1 
1 867.1330291593438 370.8850047293952 1 
1 789.1364468259635 260.1156039923287 1 
1 360.5118829492087 23.98871724972912 1 
1 422.03501331229063 501.04350686882094 1 
1 600.4958404719848 -646.6639663817534 1 
1 298.63937389966895 -699.7649164625303 1 
1 149.40555933635778 170.06382151769276 1 
1 983.4403657487167 -623.1789492374078 1 
1 529.5148692425007 -335.58949007309434 1 
1 369.66484970536476 -360.0675616127355 1 
1 807.5795088000973 360.17008964839397 1 
1 34.88628015103768 -690.5854082204324 1 
1 233.10908132300483 422.9750153005755 1 
1 874.266162053417 -569.4329352180923 1 
1 151.8679454320693 -372.27474516741586 1 
1 942.3004226223597 255.58148227012066 1 
1 963.2651251021543 -225.13181927353241 1 
1 600.6369869657569 965.786537678641 1 
1 810.5124922598966 -890.5046355519053 1 
1 718.0210282343089 985.1829090534893 1 
1 953.69486643254 973.836926187734 1 
1 698.4796820806439 -925.5067783460831 1 
1 521.1907900753313 7.386447720348656 1 
1 742.9094967853875 -788.2654218831159 1 
1 848.9613095877069 779.1184457102161 1 
1 785.1157455224491 -929.4898528531412 1 
1 973.0747051683547 706.8217790817237 1 
1 556.3856062674752 151.75847441422502 1 
1 768.9076809548121 -960.5455894944911 1 
1 44.08283667414139 -102.49998190278939 1 
1 661.8807091683987 629.2372129385174 1 
1 357.8957947135991 443.51477980547975 1 
1 191.57260818695568 177.48153116346748 1 
1 105.04018756712912 222.91414977024397 1 
1 571.8752025050292 -957.687134881117 1 
1 994.957609435995 372.4643831303774 1 
1 941.329940066787 226.25750118066708 1 
1 408.8652074503116 -863.537662833629 1 
1 897.6700232938022 584.333538873384 1 
1 106.38237405466884 -963.1197862860682 1 
1 406.1867594297489 932.8327032349882 1 
1 305.2505804757161 -584.5226746357232 1 
1 171.10103727848286 -173.1855455159632 1 
1 633.6033597740591 442.2267692094181 1 
1 448.29061966372365 703.4626190083673 1 
1 292.11346102701214 613.8370747369054 1 
1 -279.574839934996 -892.21222182536 1 
1 426.1099248900475 -921.18068488314 1 
1 440.7114006092638 -805.691259175082 1 
1 795.3868901473602 835.833769431317 1 
1 850.3247497730586 73.17251833014416 1 
1 325.08396743453886 -414.5186781667728 1 
1 708.2216045719924 479.0790326748695 1 
1 225.9033164039024 -517.7528239572661 1 
1 509.56890362683635 -110.1663385270524 1 
1 407.54156478764526 -248.11010877266426 1 
1 691.3521310654141 784.2842934313007 1 
1 322.58539123835 796.918167690186 1 
1 176.3126524908082 336.07000998455146 1 
1 371.8155295642689 488.94530426458755 1 
1 673.7848915863665 194.78012201047545 1 
1 577.5028351092403 260.66469149822024 1 
1 175.9814167276868 251.05682106331028 1 
1 481.57561837240655 357.96611150763374 1 
1 926.8242126873236 523.2868159510813 1 
1 421.8744101000532 580.409627177725 1 
1 311.7665866734603 -919.0046748076259 1 
1 218.70086609975942 -745.6179408269506 1 
1 116.74322402141138 240.38059073218528 1 
1 563.63857376396 -92.53003164830102 1 
1 301.95075088540034 386.1809506756463 1 
1 626.146589468206 -295.0410317013178 1 
1 95.70291684509084 -272.6198326055976 1 
1 818.1298576905538 629.862923832362 1 
1 196.36575101783274 480.6528762677151 1 
1 755.4650587008337 13.704513941685263 1 
1 208.19575237317213 -621.2195476080196 1 
1 605.3573722611591 -230.6578056483063 1 
1 560.6142063716802 -867.0654095041047 1 
1 352.9749459486143 -191.10395729379616 1 
1 450.11354036643843 717.1621105497381 1 
1 496.62316777363844 968.3970820600011 1 
1 492.18970241775537 -362.6105957070231 1 
1 634.0714413073993 992.2681841907911 1 
1 954.3503667087377 -325.3117838926278 1 
1 637.7006037931894 370.87709971187974 1 
1 257.6405061084024 127.023714978322 1 
1 675.9917084101814 836.3170917328757 1 
1 407.6833058498571 121.5172539987816 1 
1 438.13024869476067 527.539457138015 1 
1 315.02396042733653 -272.052433752389 1 
1 119.2372780077435 -696.1755863618605 1 
1 748.2829009120612 272.3546382271379 1 
1 206.87517371133026 484.8881140396229 1 
1 886.9810396743035 809.9573170614501 1 
1 322.14574645423386 641.2954284476759 1 
1 671.7155414365889 398.2309556154121 1 
1 810.6324548486004 -203.54994129079637 1 
1 718.2403075510333 -29.12072090557649 1 
1 551.0709682819452 30.456798433721588 1 
1 525.0657561550508 827.0347262956061 1 
1 384.75874435181527 -712.3826181461773 1 
1 4.45882466928424 -470.9694859955249 1 
1 219.27881703290996 -22.13560739560353 1 
1 -255.50979156245785 -789.8001342475711 1 
1 29.583799782883943 -991.8219621675406 1 
1 409.3027574103555 496.24116165943565 1 
1 574.7678173808929 292.0114843254062 1 
1 578.5168473250069 -243.31823648523255 1 
1 740.937105155733 159.70482396477087 1 
1 420.4295181220184 -950.5839507903661 1 
1 932.0602915701484 100.79066608978292 1 
1 273.1321071441562 103.94165944624592 1 
1 283.2550482143663 -764.102143412414 1 
1 451.8187338629225 94.44273174657678 1 
1 80.06101272470778 -352.2597869449453 1 
1 604.4051304476955 -657.1787391740368 1 
1 526.0512531743004 57.07770804273173 1 
1 129.52794430211088 110.64393997133902 1 
1 188.41796462605157 172.43876203581226 1 
1 156.632688336819 -362.4433065583554 1 
1 970.6331208781071 -141.5935348929156 1 
1 -91.77060959510607 -576.136173151586 1 
1 85.92419330601251 -313.43980734554657 1 
1 323.1114085959139 850.7491575038721 1 
1 -274.27998232342395 -967.8567720379169 1 
1 -199.87181125240352 -792.6057821874192 1 
1 706.5551856455127 793.7985025300025 1 
1 771.238280930959 -950.4131895422488 1 
1 226.75265459109232 208.3555010764626 1 
1 701.1657828352072 -761.3215137476953 1 
1 -115.02608175284684 -944.2855010540916 1 
1 339.7937124992477 172.43873293042793 1 
1 16.622702281721217 -423.0557637131011 1 
1 181.91334806239593 -707.0261805994628 1 
1 468.4418545950591 621.6178851249654 1 
1 263.3455438487463 -232.33223721077047 1 
1 -35.841045758657515 -947.1109124522854 1 
1 841.0194587316294 -563.8623507696773 1 
1 760.9291949090473 -939.3188223853788 1 
1 636.9093457046711 145.7589153261997 1 
1 804.0851159307267 -542.927641277174 1 
1 694.7025086174849 -814.5352049038821 1 
1 180.40378044510499 -418.48798780616323 1 
1 937.628527140509 564.055428705457 1 
1 360.5479558105062 -961.3662452632457 1 
1 587.6192860819663 -607.4867259648054 1 
1 635.4025384184292 924.6296945232516 1 
1 756.3809974795236 713.4530832306161 1 
1 408.44915188623395 872.4974393079247 1 
1 396.2434230472902 -37.24706201867809 1 
1 488.5399980463544 863.7300220718616 1 
1 747.4414235200197 -79.03395270769181 1 
1 378.3988931245433 845.7501935684868 1 
1 882.7354069033768 899.4388184014479 1 
1 993.4514914392087 327.98894024655215 1 
1 625.4794216464104 220.84196789928637 1 
1 136.30726420397173 -185.64584562087077 1 
1 290.0919891911135 -938.278642707091 1 
1 284.10491975262835 -967.9271044999385 1 
1 910.4179057238923 416.4449976139331 1 
1 253.39562422935273 -817.554853001882 1 
1 383.39442377454634 502.14195488233804 1 
1 495.8375529859484 256.82655407947186 1 
1 627.4125759066587 409.08231311511463 1 
1 956.9157010534045 502.3434186727213 1 
1 323.8573672967416 -126.11865556598696 1 
1 852.3293618969515 -157.72510273529076 1 
1 118.94409423832076 -561.7837235999839 1 
1 369.2283208833164 260.26001301789347 1 
1 353.8125111992904 969.7480437632896 1 
1 623.6502617546053 23.236500309794906 1 
1 919.5363777118248 -339.64932615529324 1 
1 662.227658768116 -761.8136295374361 1 
1 359.1358444734549 -346.6957736252706 1 
1 975.7140394268827 -633.2944724846059 1 
1 383.30149250381237 73.89836174386642 1 
1 691.5090111851387 -752.952645722286 1 
1 414.47051359923876 -451.7617923972733 1 
1 215.87350053697241 -315.1534333154567 1 
1 713.9250655164583 203.11239578486834 1 
1 132.61620264842304 18.670337443412336 1 
1 884.3548729296974 373.40811325047616 1 
1 437.3002101216723 -604.1751928530712 1 
1 445.39226645295116 560.3339855051199 1 
1 700.5004413222002 -55.984245390540764 1 
1 233.57468156299728 -562.2872205269778 1 
1 208.31602769772576 155.84533764368598 1 
1 261.5226643150827 -803.7921531052377 1 
1 623.4306663229088 -346.98187726015226 1 
1 952.0760254066074 -967.1755284175312 1 
1 902.8798433196182 886.2587193747511 1 
1 350.4645180136595 -145.8984671349907 1 
1 190.45054470826994 76.61757703046737 1 
1 603.2134725749074 -439.56897289102335 1 
1 551.2001217768507 459.92857639988233 1 
1 358.5248833616504 -935.447779438426 1 
1 844.014992836288 -754.3136687220654 1 
1 373.14181223819605 -446.8214242248574 1 
1 960.8279999271354 -973.7967303653924 1 
1 289.8561175020104 799.5051943622489 1 
1 750.2037591546743 -404.9209017650787 1 
1 289.9763512582856 -325.5632494412596 1 
1 566.949903937294 -7.520208198658906 1 
1 920.4739247119819 666.5747409943363 1 
1 896.6707208466628 -252.02747224395262 1 
1 100.82675442242999 -555.0893537894572 1 
1 269.30835812682176 -731.8224238936726 1 
1 569.4407665821554 916.1093272525502 1 
1 287.3946727902139 460.92825649012525 1 
1 851.1437250319339 -603.9207787811768 1 
1 493.5611840415295 586.4949686390007 1 
1 -868.5970828066738 -455.54234021423065 -1 
1 -598.3997196907338 224.25810817655656 -1 
1 -708.5984096398183 40.781117959226094 -1 
1 -585.597322699495 224.6044756806018 -1 
1 -843.4866730685318 -972.6233164497278 -1 
1 -348.2032156691298 -227.31160148854974 -1 
1 -329.0846736914024 343.0212900263548 -1 
1 -685.0650032855224 -37.68873386785447 -1 
1 70.61358417492534 811.3568034787666 -1 
1 -718.3673821581583 -440.54593515815225 -1 
1 25.086757042593717 734.0688287578307 -1 
1 -937.4181291070838 248.06907618865966 -1 
1 -675.2072044439592 110.0948406537168 -1 
1 -626.6114269984557 -480.6348168317227 -1 
1 -562.2741785008163 46.85007197515756 -1 
1 200.59887499485126 933.0277618903572 -1 
1 -455.4997420474898 133.34135368125612 -1 
1 -944.0702086660399 218.49001425952747 -1 
1 -580.6386420165229 -49.35130791256222 -1 
1 -581.3660145828308 -828.3673181289575 -1 
1 -346.4205643025781 996.1804100746429 -1 
1 215.2632982004841 830.7989327634707 -1 
1 -597.2146393065486 -639.4493108908539 -1 
1 -622.132579659213 312.3340720044341 -1 
1 -51.65483305514351 667.8679946648615 -1 
1 -769.7202784705256 903.0193461174606 -1 
1 -279.7716818547252 97.21573396181225 -1 
1 -526.1990926744465 767.1322864468148 -1 
1 -296.8719529306969 -572.2942200856337 -1 
1 -305.26203727128495 -359.7927366138698 -1 
1 -951.5321813689026 -209.54016065430346 -1 
1 -461.59736281372113 873.474341151144 -1 
1 -897.8924634273901 -478.960077020585 -1 
1 -569.8756060318169 -115.94387501207643 -1 
1 -57.28876875681192 464.96955763294 -1 
1 -915.4836411549081 -20.19134759936651 -1 
1 -177.78396905626494 537.9721577620755 -1 
1 -655.3234732676394 483.88064639787694 -1 
1 -430.9734951392195 731.4694603557557 -1 
1 -22.898194952589506 14.30027265410547 -1 
1 -594.1273947186223 -169.06395110890662 -1 
1 -230.08350760578298 -74.64311617267538 -1 
1 -785.4557562875333 154.27455179005074 -1 
1 -261.1274336492895 112.3371717377463 -1 
1 -807.6112767038883 -167.53524252235707 -1 
1 -273.6089433214456 -621.842319036638 -1 
1 -553.7513267780596 -30.297417733012253 -1 
1 -147.21853997106564 301.49353248653324 -1 
1 -781.9836851782297 -216.00590401624584 -1 
1 -879.9894442172684 -26.515438211372043 -1 
1 -455.8806173515053 651.0195208721891 -1 
1 -652.248252754061 840.4719254928327 -1 
1 -172.2752855210814 555.984814425474 -1 
1 -904.2733486837517 985.8744636666333 -1 
1 -33.54733628845236 -99.68254388020614 -1 
1 23.396760349454553 895.2704633113128 -1 
1 -159.92270600600602 238.41562823012896 -1 
1 -824.5890497079869 -339.10229158992365 -1 
1 -294.34827162657245 552.3443044810338 -1 
1 75.10741473770986 600.4475196436895 -1 
1 -718.3614574952401 -351.264007471303 -1 
1 -245.74116904808784 -499.19793534345047 -1 
1 -377.5336897274576 39.169542746867364 -1 
1 -43.43927017389126 591.3876098753303 -1 
1 -334.03982801204506 460.25107319767676 -1 
1 -560.4411321360785 313.3046685003035 -1 
1 106.32563011572665 882.0121920582742 -1 
1 -6.288880370571292 743.4448140787883 -1 
1 -979.0398024525463 -265.4659830983335 -1 
1 -464.92753886247976 -730.7429187555442 -1 
1 -860.6517819780879 444.44930346319575 -1 
1 -384.7882427497332 387.24267621362765 -1 
1 -482.4717382425447 -909.9192142740127 -1 
1 -212.3893666336105 -520.9186047428075 -1 
1 -359.57679184961137 674.9846898533058 -1 
1 -86.23153499865191 703.9792471342992 -1 
1 -160.22255170223457 -350.8850691927031 -1 
1 -431.33309094003334 -267.95618695751944 -1 
1 -630.5055423700973 -218.16123495287184 -1 
1 -369.4259901843368 -721.5299453561349 -1 
1 -625.249490116551 -82.2095877424133 -1 
1 -463.38420061679074 -518.526432904253 -1 
1 -740.3902033035731 609.0161535189816 -1 
1 -714.4166593239145 -631.9827622316564 -1 
1 -248.5955888405856 -406.08299482948564 -1 
1 -327.7704278507467 214.42115183318924 -1 
1 -133.5154943698593 642.4747534118142 -1 
1 -561.7530301932802 -916.9166848232127 -1 
1 -912.1379546590467 570.8174194575106 -1 
1 -849.6329116858469 -989.343430390395 -1 
1 -754.574181455659 -331.1887771851153 -1 
1 124.30671025928586 710.7941307454271 -1 
1 -2.68908804799446 665.0927114963433 -1 
1 -583.2140889749842 819.4231765704255 -1 
1 -290.90805644426814 8.385710511024058 -1 
1 -567.3110127946027 -957.1188978608063 -1 
1 -892.7475612681961 445.90686792286397 -1 
1 -478.03817883501483 -662.839132404436 -1 
1 -675.5684416563747 238.81099183496826 -1 
1 -566.8099263696938 709.4902150030364 -1 
1 -346.66540016177885 357.0016279931233 -1 
1 -215.35435067715082 -463.4572981783955 -1 
1 -821.5797008686125 417.3108340230626 -1 
1 -168.05972953710295 490.5825830854185 -1 
1 -831.1242294206405 -735.0010408840573 -1 
1 -396.32791134205274 -115.93833881345779 -1 
1 -66.22071517199242 662.7067806621785 -1 
1 100.87708845166253 588.5605539668172 -1 
1 -137.09760890251073 334.9416631106217 -1 
1 -919.3217403912552 237.61603908373354 -1 
1 -940.3462106316479 -481.2716256032288 -1 
1 -294.225565034038 -805.6406826054473 -1 
1 -744.6604013824856 -366.22474696708196 -1 
1 -295.18573136214764 -263.7547101893183 -1 
1 -394.21173370282986 -508.8371764300258 -1 
1 -507.60924610763095 219.64296537648715 -1 
1 -474.2285607934841 748.2940304175522 -1 
1 -837.7331600278358 313.88647768281703 -1 
1 -111.23663377688626 730.1351324909317 -1 
1 -154.34323775642133 462.3658910564993 -1 
1 -611.1152054829079 -471.7374808147165 -1 
1 -435.3699354790999 214.16213009475723 -1 
1 -43.32790631624016 174.36176124008966 -1 
1 -756.7938447400544 486.2351201869478 -1 
1 -306.2938136828458 -583.3691411098966 -1 
1 -569.1540242812589 290.49049450565735 -1 
1 -563.101924930044 710.9112800890127 -1 
1 -321.68471748663626 -712.0516403080767 -1 
1 -788.4995982441266 160.03483427144056 -1 
1 -166.14162059349792 -467.9511159475011 -1 
1 -749.3415666297275 -856.1339690573706 -1 
1 -495.9709084810347 457.01068297781535 -1 
1 -270.273590669907 -811.6104434218411 -1 
1 -997.9369815583483 193.68224335148102 -1 
1 -723.2912056989129 -146.76842192238314 -1 
1 -141.21345102625344 269.23211282844386 -1 
1 -595.5535008102443 39.86703964569824 -1 
1 -564.5246654654968 178.6109824597861 -1 
1 258.3325393887426 793.189638549929 -1 
1 -709.3560081638154 -305.6170458775763 -1 
1 -527.7293244322663 -826.4212048543309 -1 
1 152.0873046997467 602.3410912517015 -1 
1 -939.3567664349697 371.20935386094243 -1 
1 -867.9860833062746 565.2945253002199 -1 
1 158.15394788773256 584.0721791606147 -1 
1 -814.627009519093 217.86135465022858 -1 
1 -894.9998662805068 -122.11531374844276 -1 
1 -633.0657853149062 -76.21998532601401 -1 
1 -995.6464336179002 -88.76288548667276 -1 
1 -223.80545254284561 -196.17119508461906 -1 
1 -596.5603417152257 79.42489532976538 -1 
1 -277.10875958137206 844.2963615580593 -1 
1 -555.2176198061543 691.0149074244318 -1 
1 -580.5593987007408 858.2482522374553 -1 
1 -895.6871333182588 217.25233473857134 -1 
1 -450.02419698704557 726.144146027241 -1 
1 -227.52332515755904 -376.0333451052578 -1 
1 -409.8125858152474 272.73936087072116 -1 
1 -538.7237137943196 587.2366199632945 -1 
1 -531.4555969943348 -134.7612402520498 -1 
1 -470.30838931045923 849.7572920851358 -1 
1 -523.5286552808032 -336.0197012877222 -1 
1 -163.51828951814866 720.3293289964654 -1 
1 -354.1276559043181 289.30285495259704 -1 
1 -447.1290222988807 866.6519395829143 -1 
1 -869.410113281162 -533.8423457166953 -1 
1 -679.9139272756488 -706.316313195765 -1 
1 -979.5184043715626 -820.3787258768224 -1 
1 -683.776065203857 82.42338149447846 -1 
1 -316.98878561476 -285.95639074917176 -1 
1 -768.7471497304015 533.8407350928242 -1 
1 -867.8394306393458 263.87329338694735 -1 
1 -469.6387286753295 -649.4480154063074 -1 
1 -724.9869726007261 -138.75557899648584 -1 
1 -885.5526295927164 11.991528843021683 -1 
1 -433.0449012316743 -64.05932499153027 -1 
1 -619.4020574166082 31.583828279534146 -1 
1 -292.7838401229193 -629.6241151089233 -1 
1 -994.64029815473 712.5275722354475 -1 
1 -365.3761542576219 343.0152516927192 -1 
1 -377.07070197073153 -604.3410677187946 -1 
1 -845.5352735602786 394.32580016678776 -1 
1 -735.3131085016237 426.63006690742327 -1 
1 -591.9779381105564 634.6010680492318 -1 
1 -632.015280247723 787.3174859031574 -1 
1 -195.05910548915585 -241.12724834581854 -1 
1 73.42918385561507 892.6643148058058 -1 
1 -175.95924613683735 263.7083071689426 -1 
1 -246.14237114452192 552.0045957525842 -1 
1 -825.2201890450971 -155.1002421620401 -1 
1 -380.1707211447209 -524.9830308522692 -1 
1 -421.6453279393447 532.4779769953211 -1 
1 -528.114269297587 -221.1331113667668 -1 
1 -499.34899882952396 179.37782312436616 -1 
1 -222.9373988876813 470.0688217708848 -1 
1 -866.4064904646688 -950.7232408331959 -1 
1 -333.0970755421031 -424.56778702725455 -1 
1 -555.516714261606 974.086116710163 -1 
1 -4.597214071479016 889.7713379758197 -1 
1 -628.6634153125829 664.0072461989507 -1 
1 -413.658969563063 -291.9108846117946 -1 
1 -407.2610252122747 -279.61995415363447 -1 
1 -224.26417761073208 48.243980296250584 -1 
1 -638.5382476141151 542.2885173019986 -1 
1 -690.9335757450169 829.5180581664113 -1 
1 -906.8292484116353 -303.9994083389163 -1 
1 -574.0834320428357 -687.8006477367421 -1 
1 -888.2441614106616 -666.5991609354893 -1 
1 -613.990906630287 190.71345390026545 -1 
1 -253.53441996627953 -258.1633650088087 -1 
1 -586.0933816122149 -226.45086069145452 -1 
1 110.79850883737481 567.8307439754528 -1 
1 -300.055466081595 -397.873540751443 -1 
1 102.72628094810148 731.1995522745672 -1 
1 -446.4163821662547 -627.5081858366736 -1 
1 -202.41515311687454 -456.2547315725816 -1 
1 -481.4329357789336 -905.0389423421786 -1 
1 -339.2911342756005 -997.7930861017106 -1 
1 -602.9528930346319 932.380422678124 -1 
1 -755.7237379635536 -310.3126433116702 -1 
1 -927.227996710367 -849.9220740325766 -1 
1 -430.544813648253 158.4861556356875 -1 
1 -723.7363861232873 614.0961220903635 -1 
1 -721.1149989779933 903.9062302188365 -1 
1 -760.598862106351 -2.963450096470865 -1 
1 -670.4296919283843 -508.2743799634559 -1 
1 -948.7074653160093 -359.99721879897083 -1 
1 -988.2595010768717 333.3149502599679 -1 
1 -316.9131157396524 -533.1743910753481 -1 
1 -731.1318171197911 367.5115443735806 -1 
1 -171.6228939402697 175.05132246521816 -1 
1 -958.0217980064112 -719.9627784587992 -1 
1 -467.5567720583473 693.8258054505625 -1 
1 -545.4761707362417 -873.7361903720459 -1 
1 -850.2525859185641 472.45895284916196 -1 
1 -289.78855857635267 -435.28919584344203 -1 
1 -559.0458803104661 -630.2679218941447 -1 
1 -878.5514561810521 356.8965084103154 -1 
1 -533.0591913476334 -240.29309576476317 -1 
1 -347.896412802967 -110.3781559910608 -1 
1 -447.47689998241924 -881.7238908169742 -1 
1 -291.2408871483883 -44.944009345005384 -1 
1 -324.90338429051064 -520.2493538009503 -1 
1 -851.3459143708837 87.55055064378053 -1 
1 -295.60916613476877 -592.684282611414 -1 
1 -192.6050722163218 -203.17340179963082 -1 
1 -182.46421455614177 391.9816053470372 -1 
1 -625.3326748353987 -355.1298740493419 -1 
1 -680.1980789462431 -153.96949438218996 -1 
1 -219.61273176025782 537.0744065908366 -1 
1 -982.7896099226524 -807.8068773349067 -1 
1 -437.77160677899917 -769.7504650409556 -1 
1 -654.2026909560284 263.65958071051887 -1 
1 -812.3658502650986 -45.85869561190941 -1 
1 -279.02531975912734 177.50706270397768 -1 
1 -450.8037471067378 -195.7961698967914 -1 
1 -181.2799580193066 949.9224003330771 -1 
1 -331.0323971199423 -606.622021313355 -1 
1 -495.63545175083954 958.9478795387909 -1 
1 -322.4508006657861 -316.9179944185079 -1 
1 -831.1290749255637 -297.80043933273635 -1 
1 -346.5054160002386 -939.0764224797605 -1 
1 -66.87411063012337 784.9288525799568 -1 
1 -695.2804218271883 -816.6866154559635 -1 
1 -693.8899705126344 568.1113045146399 -1 
1 -147.57063399697904 414.4905652182599 -1 
1 -411.4895033403038 234.13918924822656 -1 
1 -535.4936806809833 -354.20560102135926 -1 
1 -610.4899605174046 430.17347458312656 -1 
1 -547.5723301690532 -697.8188018479705 -1 
1 -812.6233576613351 937.8721382229382 -1 
1 -391.80900616204974 485.36811551579376 -1 
1 -462.8686489694719 123.97035629531206 -1 
1 -993.504214286564 79.0031155862223 -1 
1 -652.3956801207179 983.6727962574414 -1 
1 -879.9541593255409 -693.4073857726555 -1 
1 -531.4522609427506 -541.0875742542336 -1 
1 -846.7055058839479 420.45086713202795 -1 
1 -838.3704932023535 -84.70188258875237 -1 
1 -934.8356580153782 -594.4455637322117 -1 
1 -511.44926777686493 -214.81658854104955 -1 
1 -676.3829143289806 -264.2385568868349 -1 
1 -488.7718999573917 420.0716853536371 -1 
1 -370.057194852315 -943.8638803308851 -1 
1 -486.69925138471274 -145.3044201470517 -1 
1 -632.2651879582722 -677.1766415014756 -1 
1 -988.3291962450147 -349.51894540824173 -1 
1 -811.2411223734148 1.878326994420604 -1 
1 -937.4883135686379 -722.6486750068317 -1 
1 -705.3990327261247 790.5313514409181 -1 
1 -868.550212862509 -221.45479759519128 -1 
1 -443.6442254785769 -204.14491930445354 -1 
1 86.69686525426664 446.84647802858717 -1 
1 -570.3004900232788 993.4512761912915 -1 
1 -80.10259150908269 925.9088614273714 -1 
1 -979.5147729865051 440.45842022301304 -1 
1 -645.3181481615293 -803.1324704725554 -1 
1 -89.23429421866797 786.9430976291644 -1 
1 -345.321535994068 -661.9609342485335 -1 
1 -163.67993230066236 170.74486597473788 -1 
1 -383.94865642801597 326.7738410366544 -1 
1 -463.05452225488636 -46.32822442153292 -1 
1 -714.9906527686435 -920.0971972332632 -1 
1 -899.6972768100775 779.5771718680712 -1 
1 -718.6261390516875 -270.7590432815822 -1 
1 90.34677147084699 804.9136302935115 -1 
1 -462.3442218720984 501.6576679680006 -1 
1 -983.3972655691003 998.3343477047949 -1 
1 -315.3622598549214 -737.254910127587 -1 
1 -503.82511992516174 527.3671994169047 -1 
1 -13.462039879392819 -17.209970746972772 -1 
1 -488.2499612601876 432.10733702943025 -1 
1 8.647924842372618 733.5852427657403 -1 
1 -54.589288404015974 13.450568945443024 -1 
1 -794.9512769598557 117.89556632562903 -1 
1 -843.9654427322081 680.4327147780618 -1 
1 -482.50447892939053 -343.0954224632617 -1 
1 -606.562013087195 -686.0454625852668 -1 
1 183.3680510596041 782.9237366387986 -1 
1 -440.0596723556945 868.8891302353263 -1 
1 -367.39295466476153 733.4309990951124 -1 
1 122.41576778786657 925.752706731827 -1 
1 -503.47282274741656 -113.31584555684867 -1 
1 -665.2427995691005 -621.9524272217108 -1 
1 -320.91747885485233 -167.35967200084883 -1 
1 -918.6649183612922 -710.6202612552499 -1 
1 -617.2356705168816 -298.0608548564335 -1 
1 -931.381495892236 283.30674468169855 -1 
1 -611.4670976105799 230.64789702252347 -1 
1 -994.7740854007353 568.8410458973974 -1 
1 -574.893283973699 529.8781398035694 -1 
1 -968.8848660045516 -103.41838186493737 -1 
1 -536.5141840323693 659.1146317133544 -1 
1 -596.1213933477403 -494.8708134093192 -1 
1 -64.84046298879957 445.8925707939875 -1 
1 -460.8535875525114 -849.2390538319532 -1 
1 -952.3842057225544 -400.77638189941536 -1 
1 -939.6065917585055 -484.45133003151 -1 
1 -138.75681552354342 -35.94655866639437 -1 
1 -125.52904911668725 671.0478520137437 -1 
1 -143.79828160222792 998.0729633350427 -1 
1 -915.9462131141357 821.1575927606591 -1 
1 -638.9963114180853 -719.6044440579727 -1 
1 -25.92710969381642 764.4316379594625 -1 
1 100.37707913585905 593.0367837765002 -1 
1 -170.10166626680473 -152.84427352083128 -1 
1 -777.931594126061 718.758226843094 -1 
1 -218.02702523967605 23.546620587804227 -1 
1 -301.2932663735744 100.8485875768024 -1 
1 -474.39807275408884 -764.2826527698223 -1 
1 -356.1412080378292 -62.12251375298854 -1 
1 -547.0418952871036 -892.1867058922745 -1 
1 -718.5244426572333 -454.6698129162987 -1 
1 -69.66146575173195 704.3494011183093 -1 
1 -911.0120537771644 199.90293326307392 -1 
1 -512.0133865992948 769.8222192904357 -1 
1 -505.7769447032987 -993.5460270278337 -1 
1 -687.4878633438833 -703.4769588311642 -1 
1 -498.45940781560137 -718.8797625490322 -1 
1 -6.533261507972611 89.72050330880415 -1 
1 -162.68685843733851 479.97009644701666 -1 
1 -358.39125496365307 -521.1542842037184 -1 
1 27.75613684281211 926.4701212102864 -1 
1 -790.5112108391828 842.898233311839 -1 
1 -990.4761340198364 -107.45147319868101 -1 
1 -695.4055605585802 -676.2110120958507 -1 
1 -269.7879584596642 808.642351814811 -1 
1 -607.0568258706801 198.63293182414827 -1 
1 -922.0734197881967 -216.9511642984769 -1 
1 -407.82286424825406 -823.0738825276014 -1 
1 -620.0008132325347 -68.19514770188857 -1 
1 -281.0295048715534 824.8702489153654 -1 
1 -839.416541576812 -486.46522300007484 -1 
1 108.85420215728345 740.3767501947073 -1 
1 55.6717293585225 210.41343697962702 -1 
1 -993.9599417118385 -461.17074119169126 -1 
1 -269.7602210480147 -141.89708505727617 -1 
1 -743.9303034360504 -123.65402553762306 -1 
1 17.611668893412798 660.2651067753745 -1 
1 -951.1929112809245 124.63380540706066 -1 
1 -373.9320268108835 -570.120044171137 -1 
1 -72.67869597185609 317.0020392698227 -1 
1 -514.4974416110326 913.2827119308624 -1 
1 -886.33592364398 518.9730532400258 -1 
1 -503.4249828081956 -482.77982158985526 -1 
1 -866.328569986336 -113.65120414218654 -1 
1 -251.02347656832774 919.817995004345 -1 
1 -914.3066629997528 876.1760549083697 -1 
1 -935.4379596076666 313.3873560574484 -1 
1 -424.55807137420015 225.63912105769168 -1 
1 -381.1411050156786 -333.11290016147757 -1 
1 -458.9331101638869 279.59597854135404 -1 
1 195.08666396053172 945.2730973341918 -1 
1 -547.5996741183106 84.19709787796523 -1 
1 30.187447645390193 311.36060891385046 -1 
1 -668.8700158863098 674.4949880040876 -1 
1 -431.17251600674945 131.4951237967714 -1 
1 94.4143143492056 951.1691733381538 -1 
1 -966.2222013361809 202.1243669947703 -1 
1 -882.6661360608655 -942.6574715594082 -1 
1 97.30436296066614 415.2083338063296 -1 
1 -307.9380745909249 776.5882755684688 -1 
1 -214.71429932575484 239.27351229807937 -1 
1 -358.39589463457844 164.09324192847794 -1 
1 -910.9595796172454 -19.335653759211482 -1 
1 -47.56532367204727 717.6451360852841 -1 
1 -798.9651374845905 -351.28715388528053 -1 
1 -86.98016041178585 -31.95979446038791 -1 
1 -185.75563667198332 732.1144078140746 -1 
1 -130.39906813746268 28.94804130352827 -1 
1 -458.2201142862583 233.97881709067292 -1 
1 269.96070266340075 836.7333676558981 -1 
1 -413.1337300934197 593.9696105276987 -1 
1 -190.32044128984592 211.69554763611563 -1 
1 -735.034226296126 36.81517993687112 -1 
1 152.15894210008992 714.7299972058463 -1 
1 -500.42495722034363 -740.8214790183163 -1 
1 -912.952490356329 -976.4754867962102 -1 
1 -543.54067951619 646.3561605531099 -1 
1 -919.8083639546404 588.7185135897009 -1 
1 -730.2588912286781 519.2892199534765 -1 
1 -174.2382635989078 315.14388714977736 -1 
1 -896.8847908198225 -12.182283933769554 -1 
1 -702.5314331367349 -917.3183463916848 -1 
1 -903.783011277947 -296.9221070219837 -1 
1 -397.17172480538295 392.34803673033616 -1 
1 -730.084975518792 -762.2513768891996 -1 
1 -911.7798437268848 666.5931791147984 -1 
1 -738.5207169405301 -209.60300943408595 -1 
1 -902.882585415723 749.73279631573 -1 
1 -240.16477853158028 740.7960124821232 -1 
1 -998.2088834022327 -157.1459738655965 -1 
1 -720.6710276134552 -616.5832075307974 -1 
1 -897.0243869783575 644.6781022143198 -1 
1 -116.32007284855149 434.0852774767352 -1 
1 -869.3210952704976 -248.49832201556057 -1 
1 -974.8842728330721 -441.42966050753364 -1 
1 -428.7366947205335 -147.51419514512293 -1 
1 -550.250280173804 471.766983415514 -1 
1 -664.978489991866 856.814454667174 -1 
1 -205.11165980103885 -299.53513832638225 -1 
1 -626.2076677976634 274.64612431174305 -1 
1 -195.96745658040106 605.5799193300691 -1 
1 -210.38966712769843 -127.98554058289619 -1 
1 -236.77958861896025 373.9926819876275 -1 
1 223.21494683862466 716.0176019457615 -1 
1 -390.46040772965443 306.2126377263394 -1 
1 -547.4140157763561 -844.8174462812417 -1 
1 -262.16148185026464 -480.4781333172043 -1 
1 -703.350425493306 -93.11917197103867 -1 
1 -123.65290012741855 -363.6539295315806 -1 
1 -938.2375846202634 -80.08739871808552 -1 
1 -189.61285172733642 983.284103893129 -1 
1 -580.7550700878451 616.3706547294169 -1 
1 -319.5777432935183 133.99016845699202 -1 
1 -758.576704386436 750.0231501777232 -1 
1 -467.47986025843 645.9444176941333 -1 
1 23.505129243507895 889.7282339118324 -1 
1 -771.1362081892441 -165.59158534877747 -1 
1 -307.2754882316135 -815.5965982991022 -1 
1 -712.2594192495245 -875.808828600114 -1 
1 39.82864101643122 288.9745008797222 -1 
1 72.82606901299641 586.4834991850246 -1 
1 -969.3371161503371 896.585958684743 -1 
1 -265.1459214543031 -665.1436378215016 -1 
1 -557.0789048741442 -190.77340611505235 -1 
1 -741.6825097004944 -470.1114830299359 -1 
1 -981.0377947355989 303.3290751509255 -1 
1 -317.39870426909295 345.7417899568841 -1 
1 -59.35507660789983 568.9101648725139 -1 
1 -40.42956908206338 264.1094741601041 -1 
1 -600.333594507221 268.4010670813045 -1 
1 -360.3472930737162 -42.08767545799424 -1 
1 -101.8003949752624 36.16260622949562 -1 
1 -195.36740898142864 837.9594495990982 -1 
1 -851.3480737038017 -24.13846531407637 -1 
1 34.63214871938703 223.78666392290552 -1 
1 262.37746991906874 860.7804587894384 -1 
1 -250.75124084912034 821.9837941739645 -1 
1 -278.88135241745476 -265.3309931754503 -1 
1 -570.1425924962614 -596.0244888569812 -1 
1 -39.24838930039016 70.50507145302186 -1 
1 -774.613852880294 37.3118750399251 -1 
1 -839.6688499668109 892.1673272402534 -1 
1 -541.1034488113982 -757.8000756107787 -1 
1 -245.74498555605328 780.5304293622903 -1 
1 -111.24974446253577 252.56501987527145 -1 
1 -529.0186802960284 -969.7044086758523 -1 
1 -523.8478089888465 -779.7973463161022 -1 
1 -761.6171015056536 671.6454398139701 -1 
1 -151.6228099882352 811.7342527576495 -1 
1 -738.7352976819598 -434.4759883111136 -1 
1 -579.464249639271 518.4816271559191 -1 
1 -391.7482994777663 -11.130400763460557 -1 
1 -537.5720229290753 -741.9955522788739 -1 
1 -590.565736168093 -272.18712338732814 -1 
1 -288.0732216464552 577.8353049493164 -1 
1 -5.8727831615434525 488.26444600460377 -1 
1 -972.5926340052603 -883.7899639923143 -1 
1 -991.9166020841516 56.92454189261457 -1 
1 60.60575961763266 680.4019572517122 -1 
1 -932.4756284255818 -978.5474801663487 -1 
1 -690.6705070546669 13.890058235189485 -1 
1 -256.052156623285 509.53746875390584 -1 
1 -529.8516525092932 640.4941062147852 -1 
1 -766.5763280210741 -875.0007460036672 -1 
1 -673.9222036680121 -336.44077320584825 -1 
1 -889.2490397627575 241.34608677159463 -1 
1 -27.05379771087769 987.4487613101849 -1 
1 -619.8211357400191 -515.4822100296049 -1 
1 -675.8576605885794 945.0840100263849 -1 
1 -606.2434491840148 -673.4240066392673 -1 
1 -268.84786745032216 -151.53676535791453 -1 
1 -152.91319484488747 737.0243855563344 -1 
1 -962.6846394342388 -407.40854569666317 -1 
1 -756.8097888729712 686.6814824039791 -1 
1 -973.0528807242029 825.6602999853267 -1 
1 -192.68921770674444 -22.968601521457117 -1 
1 -487.4805243474305 -316.65926178175357 -1 
1 -358.2608727591884 -266.67841094791345 -1 
1 -916.5783439537742 -301.938315718618 -1 
1 -620.1103110134892 -954.0037184628762 -1 
1 -676.8163100914121 579.0580733486324 -1 
1 -300.77193407212303 -590.7026807423454 -1 
1 -479.5711162838577 713.4575374293624 -1 
1 -946.62777402984 900.1578593566906 -1 
1 -990.2532237981563 830.0715816013158 -1 
1 -691.1437485258784 64.69984654070959 -1 
1 -595.3665448556355 852.6112928453024 -1 
1 -191.41306822725153 412.9966893255262 -1 
1 -529.2477560978659 104.93045582170248 -1 
1 -631.4445570612768 80.64061714268087 -1 
1 -607.0236607623443 74.63451208961442 -1 
1 -998.3635796261507 -572.5374715240557 -1 
1 -438.5610095401554 -434.6704277094875 -1 
1 -337.95361975990943 172.29727915483159 -1 
1 -47.989281997350304 -19.81349741108636 -1 
1 -808.9024353791501 -29.303685572420477 -1 
1 -87.134562176916 -153.33537693344977 -1 
1 -707.797899419166 -885.7558845292019 -1 
1 -848.7944791738188 -606.5367173185825 -1 
1 -430.1837282096054 485.2789987448991 -1 
1 -693.4156032985541 -322.4605610759892 -1 
1 -189.4029789777253 -518.6821424236451 -1 
1 -411.65393243465303 616.4362308651316 -1 
1 -77.43247661046576 60.00168610098126 -1 
1 -512.3788046542705 -922.8150998325889 -1 
1 -170.5339611266811 162.1604430429786 -1 
1 159.5344446000472 905.8442681348683 -1 
1 -699.134294749239 201.44135502711356 -1 
1 -738.8347827846778 -466.49265393293774 -1 
1 98.34564229326065 586.5765905578671 -1 
1 256.9123905487461 886.8083817814061 -1 
1 -123.19203269601269 31.202593442948682 -1 
1 -583.385486591342 837.9107607855278 -1 
1 -887.5029887690841 -178.25037703830867 -1 
1 -445.3907201529863 497.1512251006159 -1 
1 -408.28407681723525 -169.7924409647004 -1 
1 -631.4536136134935 871.8141731396936 -1 
1 -916.3315552647592 -947.9499964702368 -1 
1 -208.12090705411663 758.7926331111271 -1 
1 11.552661029533738 282.4010399874044 -1 
1 -116.13508405057621 432.33990252101967 -1 
1 -419.9406698109276 604.3838402754795 -1 
1 -237.21673041939812 -616.0076105421444 -1 
1 -955.1368136299163 -742.8092149597366 -1 
1 -768.3711972731146 646.4261152456045 -1 
1 -19.112168974929773 358.35717297783526 -1 
1 -869.5440844261125 -413.14127360434065 -1 
1 247.43843755322337 964.9465221139355 -1 
1 44.319259087283626 346.4981658705958 -1 
1 -793.3112316759428 256.0778415837626 -1 
1 -66.16959617110956 885.1617017484705 -1 
1 -979.194643002196 -681.89510913661 -1 
1 -931.3477083499096 -67.63513769423844 -1 
1 -432.6747390529591 -715.2975802536796 -1 
1 -69.86865054126304 -141.75576709758207 -1 
1 -613.5508991321149 943.2331869416766 -1 
1 123.13188789926721 533.7145852256401 -1 
1 -996.5685974876646 -351.8576223211468 -1 
1 33.84238981901012 837.2877056436425 -1 
1 -918.2215571836302 -859.0017333921954 -1 
1 -669.9859676426962 354.0905741352344 -1 
1 -413.50228493955 -382.87481355459306 -1 
1 -284.19377286485076 416.78427548632453 -1 
1 9.179345245655213 544.1375504903799 -1 
1 -828.7893850069247 -7.915768581674797 -1 
1 -307.4069840070948 -695.6722501877123 -1 
1 -948.7960200379356 681.9803589227433 -1 
1 -450.93330400002515 958.2974986574316 -1 
1 -949.3305670884447 -773.2512987040835 -1 
1 -589.7314881743241 422.0232686834231 -1 
1 -877.0273018767314 612.1504921050041 -1 
1 -636.2220640367171 547.4151904094169 -1 
1 -880.6721124271469 -96.84121804245581 -1 
1 -814.8696329843063 -264.75005744651924 -1 
1 -445.29057556433986 -833.1844748112815 -1 
1 -782.3953993860459 818.4417538501343 -1 
1 -441.87356197034774 107.11505700976613 -1 
1 -699.0291618919285 -90.29871200889704 -1 
1 -892.1213154974816 746.8642511170176 -1 
1 -461.95323754460514 635.4524152792312 -1 
1 -556.0165154911223 697.1423711614507 -1 
1 -960.3603475728859 677.7464036692156 -1 
1 -972.0085222908135 -255.1976601971587 -1 
1 -415.22566061308123 432.2357326707927 -1 
1 -439.57991950206474 41.85171919694881 -1 
1 -218.45540098950983 -494.98200187325074 -1 
1 -212.5803401207944 -364.47501679295374 -1 
1 -568.0045530615494 936.8945466560924 -1 
1 -861.1739441550151 525.3820735858349 -1 
1 -675.3666952245852 134.3429486907196 -1 
1 -312.3336183068684 -919.6221441551155 -1 
1 -821.4743264767574 -745.9655762941248 -1 
1 -572.3153847056535 -3.5414776281869536 -1 
1 -825.5907882831893 120.81851875698862 -1 
1 -954.604795914794 695.6239766232145 -1 
1 -268.86421378491957 186.8950058106709 -1 
1 -703.3717823679519 -697.6530921525973 -1 
1 -586.0082407810115 313.188482507255 -1 
1 -458.95796026698156 574.5678040869464 -1 
1 -800.9352343585608 -356.1124499574529 -1 
1 -402.5552786425086 -104.85282429284871 -1 
1 -428.692138943941 -197.57726093875317 -1 
1 -520.0406458683902 119.64685060994134 -1 
1 -832.5427597924629 194.94897545463778 -1 
1 -483.60817090582157 -690.3856034218985 -1 
1 -323.7763673534039 816.281537060365 -1 
1 -312.51348543760525 28.149685200286058 -1 
1 -427.87466218887755 -384.2318499585043 -1 
1 -505.55524329696914 -694.451993087511 -1 
1 -199.76703494072444 257.4796780661982 -1 
1 268.4493479809803 855.9760522032425 -1 
1 -634.3526071465894 -355.32082543895365 -1 
1 -780.6463526386058 -575.5384598114413 -1 
1 -272.7272277127464 636.2378824601863 -1 
1 -932.1926287015579 966.61859512929 -1 
1 -904.491512969242 677.3384042016319 -1 
1 -615.9220334841866 214.9662102451682 -1 
1 -867.162585466555 -403.1718602905761 -1 
1 33.39166712410861 438.95219430767656 -1 
1 -539.2895856276177 -553.5945511915418 -1 
1 -766.843567588331 -351.61064405330956 -1 
1 -696.4746880950356 -15.596463502714187 -1 
1 -921.9986691677357 -493.00469938152065 -1 
1 -653.2016790608186 520.0140398798421 -1 
1 19.513969045878298 63.82034206320236 -1 
1 -416.0643505401341 -75.49630688501009 -1 
1 -994.5234850442641 -785.7465537353139 -1 
1 -677.8337849381871 -143.02748632968735 -1 
1 -975.2933080287655 -639.0078543556979 -1 
1 -92.89991967067522 624.7204531167752 -1 
1 -939.5121635583913 -792.0904130944004 -1 
1 -364.9026073399059 -962.8807777181435 -1 
1 -382.86177238075857 312.0859744924969 -1 
1 -331.09026750006456 522.7399727559546 -1 
1 -505.53394230194033 -431.5484356702626 -1 
1 -763.18560327398 -282.46659132419563 -1 
1 -256.04542010650175 -262.1923488133939 -1 
1 33.661424670630595 140.15399887158674 -1 
1 -299.2902823336484 -661.4226722797965 -1 
1 -306.35596005387845 -220.76629475383834 -1 
1 -575.3296846575004 530.1748439766404 -1 
1 -835.7037665011105 -868.7730600325068 -1 
1 -227.1725476092563 203.03746399183888 -1 
1 -518.2111492480376 293.97645122323183 -1 
1 -537.9463517937523 -424.7878672592583 -1 
1 -296.30514083092726 -158.64202704319644 -1 
1 -499.1553282495487 544.3503209980058 -1 
1 -477.5056160775174 -984.5841128480386 -1 
1 -188.9831571938181 -505.46894341643605 -1 
1 -191.00119891372117 -121.00202137138524 -1 
1 -30.99530001291498 805.8757950751078 -1 
1 -495.40969729446095 373.07915248930817 -1 
1 62.04508871424082 826.2696474031134 -1 
1 -651.2907000612552 -971.2157532606942 -1 
1 252.78509249462468 938.0942647823467 -1 
1 -535.3433715827332 951.192861721124 -1 
1 -756.7212815298291 3.4156717570710953 -1 
1 -160.93347579939928 -211.11161078956957 -1 
1 -66.58261346248321 665.7978093161889 -1 
1 -581.1384115042539 -323.86272210750496 -1 
1 128.16940616990883 780.8676057282407 -1 
1 -246.17379837599572 748.2546450449022 -1 
1 -876.0749837821963 121.93034955159942 -1 
1 -977.7809532540608 -681.731612760036 -1 
1 -368.3595184714393 724.5799327528193 -1 
1 -206.2934120005366 114.7397809821025 -1 
1 99.33537283575106 563.000584361856 -1 
1 -462.2617422849278 442.9425324043332 -1 
1 -978.6452274164895 369.0467535772714 -1 
1 -643.6461437479054 -289.4372655119421 -1 
1 -770.2400602829197 32.454819066987056 -1 
1 -449.2484015721768 594.3491768753238 -1 
1 -677.729052156945 -774.6939040497911 -1 
1 -453.0884906230534 540.47556871284 -1 
1 -400.05147121594246 -873.2626454556781 -1 
1 -696.4754732026486 371.00630033761036 -1 
1 -501.3909684802287 -723.311316756408 -1 
1 -749.7769985440804 -983.4541150921509 -1 
1 -352.960070204981 468.4149826755629 -1 
1 -972.4449394563733 -172.05341878952436 -1 
1 -209.8479654811548 762.2722143942278 -1 
1 -547.9591654634669 984.2371738495681 -1 
1 -483.49740096432697 -377.33338620853806 -1 
1 -687.2075933160731 233.36556493992816 -1 
1 -521.7373726588654 -937.367082423066 -1 
1 -309.72707818317247 304.2338909097771 -1 
1 -222.62096704731857 448.2873952778191 -1 
1 38.45433474561219 998.5738097173628 -1 
1 -893.1556093764776 322.4766279479211 -1 
1 -830.8407030073827 647.2201033825579 -1 
1 -973.1523599262837 -567.4122482705204 -1 
1 -504.8200887519795 298.8098433189714 -1 
1 -560.5809115458817 177.4766659665263 -1 
1 -883.9616571229494 550.6376298397533 -1 
1 -164.73795068398238 168.00118670118468 -1 
1 -572.1902739690922 -402.78763553141243 -1 
1 -309.45453699425093 -628.8010071728112 -1 
1 -949.5480846410849 478.00062489718493 -1 
1 -763.5792605385011 296.693559123873 -1 
1 -34.05873168939547 932.0308821465619 -1 
1 -749.0372318307665 -227.54911862720007 -1 
1 -329.3361734393284 -855.7612505504346 -1 
1 -346.64176342052656 -20.84690493912774 -1 
1 -199.5069536434022 716.8774134993278 -1 
1 -980.9923630275226 -138.08235706243863 -1 
1 -417.1360050240006 -990.9743179972443 -1 
1 -581.2979628883757 -173.25470721340446 -1 
1 -165.32610568429243 -82.23178823344745 -1 
1 -365.41136794104784 47.43253489769404 -1 
1 -898.727849366209 728.6316680563889 -1 
1 -906.5812199230668 -380.0704120491513 -1 
1 272.9759340217547 985.2183574720605 -1 
1 -767.6209627595504 -63.9253768231946 -1 
1 -752.1977522560318 -360.82917992408113 -1 
1 -677.9847513530166 -501.7860233524769 -1 
1 -993.0979684983507 676.1281448479413 -1 
1 -685.4419656683409 0.7424608792462095 -1 
1 -889.2887923347479 969.6002293463894 -1 
1 -105.43284619044755 719.1173897555377 -1 
1 -646.6427915369787 -896.8132446042054 -1 
1 -101.82759354771247 -150.48209302618784 -1 
1 -430.79047891728123 607.4487511666994 -1 
1 49.31536467139608 346.1842281927113 -1 
1 193.31597509916742 669.8656250508989 -1 
1 -568.1622791806667 197.6193111933071 -1 
1 -172.04078661941787 204.24343111794155 -1 
1 -616.387669639289 876.9223652109633 -1 
1 -954.9167927551761 766.8720460867294 -1 
1 -263.64206775851903 -405.4269271288092 -1 
1 -924.4357097881286 -671.6712400883844 -1 
1 -924.385565994433 266.22817853391416 -1 
1 -582.8843132170049 -916.2343907723142 -1 
1 -914.5842393637743 -248.17924512917364 -1 
1 -329.4019193972372 412.1224711155262 -1 
1 179.77303375759857 704.5247982292201 -1 
1 -922.680718129513 897.729869487737 -1 
1 -670.8634993290391 -961.4467794888628 -1 
1 -855.3541739676305 492.0997665564687 -1 
1 -582.9825581024172 705.7799566303809 -1 
1 -737.2946652689707 -972.0678235858403 -1 
1 -642.157750129401 -95.41409957812425 -1 
1 -928.1057721038487 -258.2519481508406 -1 
1 -802.222978601503 -418.60876285670986 -1 
1 -348.28000940068796 -629.1707447512508 -1 
1 -113.7845237607329 449.75136190555895 -1 
1 -990.7316863351863 30.53305629015017 -1 
1 -93.46397390589141 574.6253829557295 -1 
1 -765.0209561017986 -588.0357525242551 -1 
1 -109.53764679011215 114.57032409053454 -1 
1 -899.4310673570342 -980.1768953418327 -1 
1 -217.45476570868232 28.99456637432263 -1 
1 -352.4316723959015 -518.3473979843604 -1 
1 172.04429422173212 613.1697565323961 -1 
1 -551.1404131584907 644.6686528082123 -1 
1 -135.80004585960728 255.7708941026583 -1 
1 -472.65953951589836 -332.7150586414516 -1 
1 -344.1025362068001 -477.0920167914645 -1 
1 -36.953516152578686 -64.747543394187 -1 
1 -921.6475757885139 -792.7382170129172 -1 
1 -530.5694262305624 860.6527685167475 -1 
1 -760.6991336844899 203.25569104911847 -1 
1 -315.4511534085551 286.4400424404955 -1 
1 -432.66672274344967 696.1359328641863 -1 
1 -250.55965155839283 -264.36360267953376 -1 
1 -187.8564250584377 292.88203341318126 -1 
1 -870.3069360096939 -300.96055633482376 -1 
1 -753.6873854508644 -642.890449300306 -1 
1 -453.897893560336 945.3961450329257 -1 
1 -332.04063943081076 863.0597237119173 -1 
1 -420.446424263685 502.16315791229636 -1 
1 -986.0783824542839 -741.076208309156 -1 
1 -839.1903465110734 661.3075167129073 -1 
1 134.0774546862824 464.5319632306939 -1 
1 -239.5792338387647 703.9420433808393 -1 
1 -614.450114854831 -103.57044241578751 -1 
1 -324.92125108091034 -733.0039268238954 -1 
1 -383.5452887630014 536.0792991395401 -1 
1 -945.9699164435989 670.7053908578735 -1 
1 192.21186498032057 658.5396954656474 -1 
1 -726.3967298996595 -874.6432277342425 -1 
1 -139.13380399999323 49.067887422256035 -1 
1 -798.6199859348094 880.0266881923815 -1 
1 -582.2747966116251 830.2729662271399 -1 
1 -642.1090580076109 -142.97840275230965 -1 
1 -477.94115774455884 119.77378274606212 -1 
1 -955.3939404955864 629.0048183925906 -1 
1 -504.0857211328138 681.1695873828912 -1 
1 237.91986667471178 893.8739829981346 -1 
1 -291.24516913378886 845.4404896222213 -1 
1 -418.8099231077899 467.17869852553054 -1 
1 -624.2814038014417 93.41761711904701 -1 
1 -668.3136916467847 -227.7684907688929 -1 
1 -254.89319224706662 953.0108125992901 -1 
1 -938.2928393798272 -307.48461210776304 -1 
1 -957.5259194194504 -807.6857340329876 -1 
1 -946.4004592301224 100.77503998173802 -1 
1 103.60081183416924 574.1285353598194 -1 
1 -970.300064664414 590.4649685166969 -1 
1 -180.0085577289865 211.79069834720713 -1 
1 -670.7040603374297 -814.6720481574313 -1 
1 -25.858712785426633 683.1824578402702 -1 
1 -822.0336035164253 68.93333716689199 -1 
1 -29.025550648688295 539.7188070366103 -1 
1 -828.7310440371441 745.9866254922863 -1 
1 194.82520470748887 743.4052285232647 -1 
1 -528.056859671702 -519.856502787684 -1 
1 -274.623510361832 -233.4934398514306 -1 
1 -950.9649026539213 14.190106547769687 -1 
1 -854.7324448785492 878.1142698759288 -1 
1 -315.55960669505635 -356.779711328247 -1 
1 -920.5904651373593 -227.85822012088397 -1 
1 -812.7562708904507 -391.62614307543936 -1 
1 11.741577734720863 320.5792033824273 -1 
1 -473.01773848587175 -348.81776658925435 -1 
1 -744.192177247089 601.6983505896258 -1 
1 -452.14956163461727 -414.46291160531393 -1 
1 -560.7930607397298 -490.1876192895604 -1 
1 -218.22203080497331 839.4277542402072 -1 
1 -194.85437273476873 265.970755272564 -1 
1 -88.25378001838703 467.68688452248057 -1 
1 -967.2607827728549 -379.18088150820086 -1 
1 -775.5557559775476 655.7751137070541 -1 
1 -720.7536247858292 -853.461921300742 -1 
1 -40.322562450553505 340.2810827754454 -1 
1 -955.8426362641648 -336.53311024316406 -1 
1 -121.9228528998076 437.30293086728784 -1 
1 -416.26175253440636 -430.367501579443 -1 
1 -533.2652732620702 -635.9912646443835 -1 
1 -552.1338304183951 322.41837232478883 -1 
1 -588.1805033667547 845.2089136701543 -1 
1 -80.17924879527152 612.4314319155178 -1 
1 -216.53812083463515 465.8000336824323 -1 
1 -914.0076838782402 875.6492529103043 -1 
1 -263.88387948861157 740.0047565856619 -1 
1 -430.1136823517454 684.3063031900001 -1 
1 -17.74817755678214 474.2401603714436 -1 
1 -457.33660076838987 -172.49267901292262 -1 
1 -141.2079586885044 287.09357827771146 -1 
1 -35.69109643700892 743.9690844300744 -1 
1 -237.18745700614045 -172.30380721297013 -1 
1 -710.3385081981445 -163.01022695450024 -1 
1 -327.2438865099648 -750.6293271922588 -1 
1 -911.1946566443429 -774.1148586230611 -1 
1 -113.31863454657821 456.52795815176114 -1 
1 -862.7200225150332 65.77844233796532 -1 
1 50.91519997816704 797.6990719314704 -1 
1 -818.4258189298655 -700.7128344131693 -1 
1 -132.86020771265214 726.0212045627391 -1 
1 -412.1113206305664 809.755409489582 -1 
1 -512.5142007932749 617.5233843603587 -1 
1 -274.9558169988271 141.24373146759058 -1 
1 -354.95174068904737 235.60847149966298 -1 
1 -902.8050303408929 -486.2202112917746 -1 
1 -283.37921653521835 -762.3411153514496 -1 
1 -998.8156671897593 461.466132152 -1 
1 -970.4292548087142 -254.52754607817428 -1 
1 253.07281218007302 856.9207588829304 -1 
1 -451.6568185498728 197.49499455355635 -1 
1 -825.8482083691006 -948.2907551920183 -1 
1 -129.33446720055156 -358.6369558497056 -1 
1 -288.8526208646623 623.92498430959 -1 
1 176.80492356276022 978.1872635189854 -1 
1 -495.37147279570263 -841.0627982274598 -1 
1 -122.503615390444 735.6362587778528 -1 
1 -102.7186983514141 452.42036359346343 -1 
1 -490.91110597844664 467.4515708185363 -1 
1 -714.6406846495256 -35.33681753843382 -1 
1 -462.1241487988101 -764.9629358185725 -1 
1 173.42698651821684 872.2277361819395 -1 
1 -644.5958276220038 -800.8727222465336 -1 
1 -262.66445023430924 -86.80363099220688 -1 
1 -756.5314118582393 244.97964699443287 -1 
1 -562.167814335483 436.0466471028835 -1 
1 -722.8343216762066 109.46687358341296 -1 
1 -481.87734020143535 -771.9478820299405 -1 
1 -511.9670943927982 914.2168567477418 -1 
1 -54.07441146935719 710.4631128780156 -1 
1 -564.6268763036892 284.83251005744887 -1 
1 -916.1165871405275 -572.0054870974684 -1 
1 -85.97446655305214 15.78679653435836 -1 
1 -588.7573515418301 518.400950688766 -1 
1 -940.9712905050854 -454.04600182161334 -1 
1 -89.70927206368447 731.2114870011158 -1 
1 -749.6053423413233 443.07483520757955 -1 
1 -199.24093367506885 676.3970956293501 -1 
1 -401.12602702829577 -981.5788139837332 -1 
1 -436.9257316209013 -257.4565613147902 -1 
1 75.18119116697153 384.31514860415064 -1 
1 -846.9214980076945 452.1963372484131 -1 
1 -616.939004506346 935.3248806397953 -1 
1 -18.41906617809741 872.5258139977761 -1 
1 -106.93936790457735 313.72361987292766 -1 
1 -626.4218726989113 -277.14966870377543 -1 
1 -136.45134825389493 0.25531257402440133 -1 
1 -596.2340281370434 -544.7969210732176 -1 
1 -465.6596294199858 -992.0603182870447 -1 
1 -558.8850862277329 170.666103036182 -1 
1 -799.0210477482015 533.3384379321305 -1 
1 -104.8253965424999 276.0278532734055 -1 
1 -624.4827543022561 -541.7728335115978 -1 
1 -717.2425611822521 769.2909142164908 -1 
1 -877.4078388088512 522.7591583234712 -1 
1 -937.0540555041424 -359.88676161947126 -1 
1 -461.21188739885633 819.3482695759956 -1 
1 -606.556978957284 618.659032617569 -1 
1 -882.7942408423397 450.4770388216609 -1 
1 -748.5393221732759 -897.6789554218986 -1 
1 -897.9592184962864 -368.9472289937178 -1 
1 -356.4055491013744 501.6478866359837 -1 
1 -435.27075804873095 154.3673763315569 -1 
1 -865.6517045061661 48.62668294057971 -1 
1 -505.8869009796824 508.7187294378141 -1 
1 -784.8644296247851 -625.9781235197338 -1 
1 -565.863552545886 -624.1620575467937 -1 
1 -84.26558536606103 -220.8382958440584 -1 
1 -39.90108874011423 305.84530093040644 -1 
1 -683.8442601277306 -540.1849382909061 -1 
1 -240.9495065188754 676.8325085182321 -1 
1 -731.0294250448882 968.188444201523 -1 
1 -442.0060763854128 -91.94785891033303 -1 
1 -968.4410587262643 -917.4545954590616 -1 
1 -927.9699157119935 566.6059499612238 -1 
1 -345.5998380020759 825.388252870383 -1 
1 -307.8005632588164 853.8897133506396 -1 
1 -14.230151091344624 22.030232153103952 -1 
1 -945.7057296205325 -944.2475598040622 -1 
1 -320.1579696603335 741.6454883061049 -1 
1 -738.4066062252964 -637.4189535123269 -1 
1 -579.3174936828552 276.27682342558 -1 
1 -795.8020914465477 -137.58080972376638 -1 
1 -838.6141686401361 84.61761743216584 -1 
1 -525.6797835397387 140.18489997715255 -1 
1 -633.1442806443888 606.6949147491268 -1 
1 -964.0626695739538 -682.8154562643749 -1 
1 -903.4706803153192 386.76788523403206 -1 
1 174.66838367628543 596.0177412951771 -1 
1 -223.05786275029595 75.48618686351324 -1 
1 -591.1227456906161 608.4542181939491 -1 
1 -521.6615652233643 -664.737263082444 -1 
1 -862.5411216914936 264.82478946595756 -1 
1 -739.1548758525532 -84.04746088722754 -1 
1 -362.54832146024285 -721.4508234891314 -1 
1 -862.2373816611149 -685.6462113898906 -1 
1 -448.8045576526315 990.6739716894517 -1 
1 -416.1948087894557 -613.7836369811705 -1 
1 -608.137655607821 -12.07539611965774 -1 
1 -802.2068166996092 27.290587268596255 -1 
1 -802.732712621531 -774.7977355642167 -1 
1 -857.03059378647 -414.8631348558563 -1 
1 181.5862411116343 828.8572646118828 -1 
1 -889.9224452289881 -607.0426709850399 -1 
1 -721.7811201098548 952.515178803216 -1 
1 -202.62526706717142 -556.1301010829192 -1 
1 -383.52893968219473 -849.507526816402 -1 
1 231.3121745205301 929.8807582008708 -1 
1 -643.8735119804702 366.40559373250335 -1 
1 -189.50739091455807 -81.79774990169369 -1 
1 -916.3177690880138 -905.5882542520352 -1 
1 -920.1033694010662 -415.9859860872622 -1 
1 -105.12082028076554 285.76943610075614 -1 
1 -746.810020787652 468.06372137679864 -1 
1 26.090681616049096 482.7220753710103 -1 
1 -427.1688611931488 858.2720296306118 -1 
1 48.09797118685083 193.51892460671206 -1 
1 -299.20008825324953 446.4999821578556 -1 
1 -422.78585219279955 162.7456568596101 -1 
1 -737.5279631882719 -246.43165559209388 -1 
1 -521.8663929166598 16.417646340477518 -1 
1 -118.71219870737332 -81.4420081609369 -1 
1 -815.2828893004332 -502.92667127352473 -1 
1 22.0391507265025 86.49948065704348 -1 
1 -571.4553734364142 592.1294055981461 -1 
1 -856.7532201901181 -544.207838661785 -1 
1 -881.5996291819195 802.7878165813004 -1 
1 -958.1508438219513 883.7090131252273 -1 
1 -480.2319234999338 -292.5950238093552 -1 
1 -784.492291682722 945.9084892434325 -1 
1 -710.1438549964575 -799.1636095670939 -1 
