1 264.07464627437184 664.1903779693571 1 
1 -138.52721116523526 -516.7746610417204 1 
1 604.2042811237709 770.1485105350093 1 
1 823.3464449020946 -680.4424962225078 1 
1 710.7286667270398 -936.8016022588878 1 
1 218.70046768245084 491.69185447261134 1 
1 283.6838982402335 673.106806677446 1 
1 294.8378473520411 577.7430167885984 1 
1 174.66494790545767 -375.72183723471755 1 
1 858.8516898530672 101.24295625079071 1 
1 97.64629828617353 -598.0038743598609 1 
1 866.9546558895559 699.7336946694722 1 
1 237.54872063672292 -476.1576582694071 1 
1 366.6769619805036 766.1319254253558 1 
1 593.0128249383472 475.40989059764047 1 
1 -282.12944267738396 -252.35120157565234 -1 
1 -731.0794182335217 846.4717431775819 -1 
1 -198.17906937091732 112.89229310504516 -1 
1 -24.610510017458864 643.1751446673306 -1 
1 -586.2682347267898 -692.3845892947622 -1 
1 -723.9435008793155 -308.5520258223444 -1 
1 -896.6985328251669 763.0538819541628 -1 
1 -151.10376030012446 677.3373168990036 -1 
1 -433.1515107892311 -643.5780672006072 -1 
1 -582.9476477249973 -255.08107114891095 -1 
1 -620.6341167738906 -83.56873822130945 -1 
1 -148.7521793137081 -52.14604437792059 -1 
1 -955.6439991365806 -0.8030476717449346 -1 
1 -584.2779527172397 -65.28476356609224 -1 
1 -569.6008259456823 252.2668686216482 -1 
